0.000000000000000e+00 -5.929237405716344e+02 9.993382228754314e+00
8.000000000000001e-15 -5.929239409964098e+02 1.009362371474359e+01
1.600000000000000e-14 -5.929243842075481e+02 1.032175053777999e+01
2.400000000000000e-14 -5.929247636372446e+02 1.048531299929712e+01
3.200000000000000e-14 -5.929248599819751e+02 1.041294648532082e+01
4.000000000000001e-14 -5.929245500203710e+02 1.006912331597942e+01
4.800000000000000e-14 -5.929240123987198e+02 9.591041903094611e+00
5.600000000000000e-14 -5.929235090958833e+02 9.223507606580355e+00
6.400000000000000e-14 -5.929233596796008e+02 9.185781143182780e+00
7.200000000000001e-14 -5.929236643442954e+02 9.543630948875398e+00
8.000000000000001e-14 -5.929242997434952e+02 1.015861015962452e+01
8.800000000000000e-14 -5.929249299903413e+02 1.074592457768594e+01
9.600000000000001e-14 -5.929252567060396e+02 1.101456699802312e+01
1.040000000000000e-13 -5.929250779840813e+02 1.081861587004719e+01
1.120000000000000e-13 -5.929244583991394e+02 1.024033469881713e+01
1.200000000000000e-13 -5.929237035474936e+02 9.557741561183075e+00
1.280000000000000e-13 -5.929232024165683e+02 9.108523311055466e+00
1.360000000000000e-13 -5.929232063583883e+02 9.118860645956712e+00
1.440000000000000e-13 -5.929237123623731e+02 9.587189906255484e+00
1.520000000000000e-13 -5.929244582420073e+02 1.028530538457199e+01
1.600000000000000e-13 -5.929250730767425e+02 1.087577088388543e+01
1.680000000000000e-13 -5.929252577533196e+02 1.108193642683253e+01
1.760000000000000e-13 -5.929249437687095e+02 1.082119106296397e+01
1.840000000000000e-13 -5.929243215669393e+02 1.023507854817992e+01
1.920000000000000e-13 -5.929237199593222e+02 9.605953103729501e+00
2.000000000000000e-13 -5.929234254563174e+02 9.208863014362278e+00
2.080000000000000e-13 -5.929235596601662e+02 9.178105959330805e+00
2.160000000000000e-13 -5.929239912263916e+02 9.455011020044262e+00
2.240000000000000e-13 -5.929244911284786e+02 9.837880424968660e+00
2.320000000000000e-13 -5.929247660511098e+02 1.010184431136390e+01
2.400000000000000e-13 -5.929246846924808e+02 1.012242483525233e+01
2.480000000000000e-13 -5.929242986555640e+02 9.938310721423131e+00
2.560000000000000e-13 -5.929238375846757e+02 9.722561597959567e+00
2.640000000000000e-13 -5.929235897549197e+02 9.678777332523770e+00
2.720000000000000e-13 -5.929237028808581e+02 9.918324521082642e+00
2.800000000000000e-13 -5.929241784766806e+02 1.038587016237221e+01
2.880000000000000e-13 -5.929247505548291e+02 1.087564606553665e+01
2.960000000000000e-13 -5.929251393592491e+02 1.113277250713072e+01
3.040000000000000e-13 -5.929251217269051e+02 1.098725441800920e+01
3.120000000000000e-13 -5.929246854777422e+02 1.044978396145767e+01
3.200000000000001e-13 -5.929240593657075e+02 9.716666478222807e+00
3.280000000000000e-13 -5.929235384304327e+02 9.077940760064669e+00
3.360000000000000e-13 -5.929233780843116e+02 8.775873173483710e+00
3.440000000000000e-13 -5.929235918529622e+02 8.889394728337864e+00
3.520000000000000e-13 -5.929241150885856e+02 9.305292992451372e+00
3.600000000000000e-13 -5.929245887333697e+02 9.790487909341694e+00
3.680000000000000e-13 -5.929247810116931e+02 1.012491097969249e+01
3.760000000000000e-13 -5.929245810757839e+02 1.022003941875736e+01
3.840000000000000e-13 -5.929241572059159e+02 1.015601531154070e+01
3.920000000000000e-13 -5.929237975864158e+02 1.011636876295146e+01
4.000000000000000e-13 -5.929237672396408e+02 1.025852454862253e+01
4.080000000000000e-13 -5.929241292867641e+02 1.059560689880489e+01
4.160000000000000e-13 -5.929247252126307e+02 1.096151499951057e+01
4.240000000000000e-13 -5.929251979251356e+02 1.108882472847653e+01
4.320000000000000e-13 -5.929252305298435e+02 1.076568888361467e+01
4.400000000000000e-13 -5.929246700485917e+02 9.987874446585341e+00
4.480000000000000e-13 -5.929237398093968e+02 9.014910994310812e+00
4.560000000000001e-13 -5.929228519008254e+02 8.282881390089592e+00
4.640000000000000e-13 -5.929224647365821e+02 8.201721613126987e+00
4.720000000000000e-13 -5.929229017408926e+02 8.932939003288862e+00
4.800000000000001e-13 -5.929240435048741e+02 1.026664788232534e+01
4.880000000000000e-13 -5.929253988211427e+02 1.167567006123932e+01
4.960000000000000e-13 -5.929263411133088e+02 1.253636180831001e+01
5.040000000000001e-13 -5.929263940749724e+02 1.241834952201373e+01
5.120000000000000e-13 -5.929254514502127e+02 1.130422255063850e+01
5.200000000000000e-13 -5.929239221373263e+02 9.626795638324321e+00
5.280000000000001e-13 -5.929224766037689e+02 8.093443045188792e+00
5.360000000000000e-13 -5.929218002396744e+02 7.368878707508527e+00
5.440000000000000e-13 -5.929222439604040e+02 7.762340017173875e+00
5.520000000000001e-13 -5.929236079954337e+02 9.072419855333166e+00
5.600000000000000e-13 -5.929252676874535e+02 1.067238581345489e+01
5.680000000000000e-13 -5.929264413632186e+02 1.180118446881979e+01
5.760000000000001e-13 -5.929265734493798e+02 1.192229928769612e+01
5.840000000000000e-13 -5.929255892372543e+02 1.097909334782632e+01
5.920000000000000e-13 -5.929239261635889e+02 9.424943420809027e+00
6.000000000000001e-13 -5.929223942812484e+02 8.011528790173218e+00
6.080000000000000e-13 -5.929217237335911e+02 7.432440550491581e+00
6.160000000000000e-13 -5.929222430574424e+02 7.992084616482202e+00
6.240000000000001e-13 -5.929236528532477e+02 9.461197390669664e+00
6.320000000000000e-13 -5.929253172739914e+02 1.118955345159250e+01
6.400000000000001e-13 -5.929264109158302e+02 1.241967302862403e+01
6.480000000000001e-13 -5.929264579779938e+02 1.264699895041200e+01
6.560000000000000e-13 -5.929254461194272e+02 1.185108253279779e+01
6.640000000000001e-13 -5.929239123007450e+02 1.048837999889098e+01
6.720000000000001e-13 -5.929226317578567e+02 9.253691566049509e+00
6.800000000000000e-13 -5.929222205324116e+02 8.729944363528480e+00
6.880000000000001e-13 -5.929228739488631e+02 9.101470724958531e+00
6.960000000000001e-13 -5.929242182417729e+02 1.007444582352430e+01
7.040000000000000e-13 -5.929255336674652e+02 1.104231830814521e+01
7.120000000000001e-13 -5.929261451946393e+02 1.140767910151645e+01
7.200000000000001e-13 -5.929257459620634e+02 1.089346776720586e+01
7.280000000000000e-13 -5.929245207422161e+02 9.685517418218245e+00
7.360000000000001e-13 -5.929231157375636e+02 8.337247086274051e+00
7.440000000000001e-13 -5.929222277982805e+02 7.488794952285229e+00
7.520000000000000e-13 -5.929222760424141e+02 7.547138419390484e+00
7.600000000000001e-13 -5.929231931164186e+02 8.491531205655164e+00
7.680000000000001e-13 -5.929245268009208e+02 9.898912297803143e+00
7.760000000000000e-13 -5.929255793381759e+02 1.116693584231460e+01
7.840000000000001e-13 -5.929258895128835e+02 1.181216146875442e+01
7.920000000000001e-13 -5.929253596145031e+02 1.168982021045043e+01
8.000000000000000e-13 -5.929243497032413e+02 1.103099713625648e+01
8.080000000000001e-13 -5.929234137134434e+02 1.029022060246590e+01
8.160000000000001e-13 -5.929230468442136e+02 9.891189701106720e+00
8.240000000000000e-13 -5.929234071263941e+02 1.000472589115282e+01
8.320000000000001e-13 -5.929242685041572e+02 1.047161912873677e+01
8.400000000000001e-13 -5.929251637425349e+02 1.090457930155567e+01
8.480000000000000e-13 -5.929255522485963e+02 1.091055007957856e+01
8.560000000000001e-13 -5.929252084310842e+02 1.031749802245477e+01
8.640000000000001e-13 -5.929242649347627e+02 9.287924055201964e+00
8.720000000000000e-13 -5.929231689920356e+02 8.255734608117656e+00
8.800000000000001e-13 -5.929225143254062e+02 7.713215091379266e+00
8.880000000000001e-13 -5.929226264284872e+02 7.956413041350350e+00
8.960000000000000e-13 -5.929234946843434e+02 8.923373897653699e+00
9.040000000000001e-13 -5.929246955163346e+02 1.021309327979542e+01
9.120000000000002e-13 -5.929256369864635e+02 1.127821263890875e+01
9.200000000000001e-13 -5.929258538511688e+02 1.169204235342324e+01
9.280000000000001e-13 -5.929252777290159e+02 1.135243698664477e+01
9.360000000000001e-13 -5.929242208910911e+02 1.051962281835675e+01
9.440000000000000e-13 -5.929232439307793e+02 9.671471161318713e+00
9.520000000000000e-13 -5.929228388070773e+02 9.252704430499232e+00
9.600000000000002e-13 -5.929231958573754e+02 9.448450691911471e+00
9.680000000000001e-13 -5.929241014468648e+02 1.009902580594778e+01
9.760000000000001e-13 -5.929250632151993e+02 1.079740225046489e+01
9.840000000000000e-13 -5.929255587700128e+02 1.111397513280250e+01
9.920000000000000e-13 -5.929253242263505e+02 1.082793648193917e+01
1.000000000000000e-12 -5.929245115080428e+02 1.004500422573535e+01
1.008000000000000e-12 -5.929234876322606e+02 9.143353747957249e+00
1.016000000000000e-12 -5.929228220257572e+02 8.578827278087415e+00
1.024000000000000e-12 -5.929228502654353e+02 8.651785117122701e+00
1.032000000000000e-12 -5.929235039762549e+02 9.356296693851689e+00
1.040000000000000e-12 -5.929244767501639e+02 1.038738718239483e+01
1.048000000000000e-12 -5.929252914579293e+02 1.129693827446899e+01
1.056000000000000e-12 -5.929255591905232e+02 1.171220056175436e+01
1.064000000000000e-12 -5.929252161714038e+02 1.150357957133862e+01
1.072000000000000e-12 -5.929244818373447e+02 1.082193232222336e+01
1.080000000000000e-12 -5.929237474851860e+02 9.997918468150605e+00
1.088000000000000e-12 -5.929233673434554e+02 9.365456539865908e+00
1.096000000000000e-12 -5.929234726490218e+02 9.103793860200922e+00
1.104000000000000e-12 -5.929239247356753e+02 9.175263935996608e+00
1.112000000000000e-12 -5.929244284600347e+02 9.381018459780419e+00
1.120000000000000e-12 -5.929246909885355e+02 9.494819475287242e+00
1.128000000000000e-12 -5.929245843059080e+02 9.397420099363343e+00
1.136000000000000e-12 -5.929241849011310e+02 9.139565133804547e+00
1.144000000000000e-12 -5.929237244160819e+02 8.904695698371356e+00
1.152000000000000e-12 -5.929234827614511e+02 8.897884422611201e+00
1.160000000000000e-12 -5.929235947598104e+02 9.225295328302810e+00
1.168000000000000e-12 -5.929240274850696e+02 9.829943182054162e+00
1.176000000000000e-12 -5.929245303591219e+02 1.051758580907970e+01
1.184000000000000e-12 -5.929248507173725e+02 1.105733817615380e+01
1.192000000000000e-12 -5.929248379503208e+02 1.130032002243765e+01
1.200000000000000e-12 -5.929245226898375e+02 1.125018846293978e+01
1.208000000000000e-12 -5.929241144117933e+02 1.104630656784486e+01
1.216000000000000e-12 -5.929238695003784e+02 1.087015723294926e+01
1.224000000000000e-12 -5.929239402951682e+02 1.083060107118782e+01
1.232000000000000e-12 -5.929242871570674e+02 1.089540006522893e+01
1.240000000000000e-12 -5.929247145794088e+02 1.090878181016717e+01
1.248000000000000e-12 -5.929249312466389e+02 1.068560303635990e+01
1.256000000000000e-12 -5.929247846830431e+02 1.013076348225806e+01
1.264000000000000e-12 -5.929243030889586e+02 9.317757647530605e+00
1.272000000000000e-12 -5.929236477211526e+02 8.481527646843873e+00
1.280000000000000e-12 -5.929231494843253e+02 7.925357213766349e+00
1.288000000000000e-12 -5.929230180613697e+02 7.884370946542106e+00
1.296000000000000e-12 -5.929233457613857e+02 8.411817949126597e+00
1.304000000000000e-12 -5.929240177514632e+02 9.344244322499355e+00
1.312000000000000e-12 -5.929247498208191e+02 1.036348564242719e+01
1.320000000000000e-12 -5.929252392750474e+02 1.112756795457442e+01
1.328000000000000e-12 -5.929252855788970e+02 1.141075335371306e+01
1.336000000000000e-12 -5.929248930721536e+02 1.118991819284661e+01
1.344000000000000e-12 -5.929242821191679e+02 1.063968192308553e+01
1.352000000000000e-12 -5.929237314763857e+02 1.004120392834630e+01
1.360000000000000e-12 -5.929234727466588e+02 9.650027323518009e+00
1.368000000000000e-12 -5.929235950120606e+02 9.586715547760720e+00
1.376000000000000e-12 -5.929239869565976e+02 9.800122477480082e+00
1.384000000000000e-12 -5.929244375532181e+02 1.011455509648576e+01
1.392000000000000e-12 -5.929247259995573e+02 1.032894078926739e+01
1.400000000000000e-12 -5.929247238363307e+02 1.031374719575214e+01
1.408000000000000e-12 -5.929245138596718e+02 1.005993966647428e+01
1.416000000000000e-12 -5.929241890298898e+02 9.664585054768546e+00
1.424000000000000e-12 -5.929239100044047e+02 9.272816671395574e+00
1.432000000000000e-12 -5.929237501632689e+02 9.014599705550459e+00
1.440000000000000e-12 -5.929237170767814e+02 8.967425068918006e+00
1.448000000000000e-12 -5.929237497973398e+02 9.152079084285766e+00
1.456000000000000e-12 -5.929238480024145e+02 9.547606387453840e+00
1.464000000000000e-12 -5.929239934894808e+02 1.010699323968368e+01
1.472000000000000e-12 -5.929241898954524e+02 1.076143685282131e+01
1.480000000000000e-12 -5.929244680121202e+02 1.141274592721758e+01
1.488000000000000e-12 -5.929248060883551e+02 1.192663038907631e+01
1.496000000000000e-12 -5.929251190479885e+02 1.214423095431722e+01
1.504000000000000e-12 -5.929252870443423e+02 1.192349844202165e+01
1.512000000000000e-12 -5.929251021645715e+02 1.120539361306953e+01
1.520000000000000e-12 -5.929245645784500e+02 1.007780014585633e+01
1.528000000000000e-12 -5.929237851460944e+02 8.794778938012604e+00
1.536000000000000e-12 -5.929230206024243e+02 7.720984813495053e+00
1.544000000000000e-12 -5.929225891953013e+02 7.208667386005654e+00
1.552000000000000e-12 -5.929226974716622e+02 7.453699525846945e+00
1.560000000000000e-12 -5.929233703987902e+02 8.397374046419307e+00
1.568000000000000e-12 -5.929243506471992e+02 9.728993222387391e+00
1.576000000000000e-12 -5.929252459414041e+02 1.099963409221405e+01
1.584000000000000e-12 -5.929256820006651e+02 1.180036303427936e+01
1.592000000000000e-12 -5.929255356439364e+02 1.192392332210627e+01
1.600000000000000e-12 -5.929248905955931e+02 1.143602109553526e+01
1.608000000000000e-12 -5.929240812649649e+02 1.062571997636612e+01
1.616000000000000e-12 -5.929234583536432e+02 9.863038546476007e+00
1.624000000000000e-12 -5.929232699390922e+02 9.433975768081568e+00
1.632000000000000e-12 -5.929235293485478e+02 9.427957908907375e+00
1.640000000000000e-12 -5.929240858373025e+02 9.722769935378816e+00
1.648000000000000e-12 -5.929246282878451e+02 1.006616434068997e+01
1.656000000000000e-12 -5.929248869356700e+02 1.021077509686499e+01
1.664000000000000e-12 -5.929247541922683e+02 1.003766006805206e+01
1.672000000000000e-12 -5.929242795635308e+02 9.612390815077223e+00
1.680000000000000e-12 -5.929237297315435e+02 9.149692825017878e+00
1.688000000000000e-12 -5.929233811580128e+02 8.904618545177325e+00
1.696000000000000e-12 -5.929234030053234e+02 9.042763953279655e+00
1.704000000000000e-12 -5.929238062177113e+02 9.553062765021265e+00
1.712000000000000e-12 -5.929244147578989e+02 1.024630708899521e+01
1.720000000000000e-12 -5.929249376380416e+02 1.084151271408349e+01
1.728000000000000e-12 -5.929251159386846e+02 1.109854296294652e+01
1.736000000000000e-12 -5.929248740843113e+02 1.093133719852502e+01
1.744000000000000e-12 -5.929243176200805e+02 1.044748432151024e+01
1.752000000000000e-12 -5.929237113874620e+02 9.897340264407749e+00
1.760000000000000e-12 -5.929233299625718e+02 9.557318031003749e+00
1.768000000000000e-12 -5.929233578844573e+02 9.601264354582474e+00
1.776000000000000e-12 -5.929237738554082e+02 1.001947919508762e+01
1.784000000000000e-12 -5.929243830425180e+02 1.062324141415807e+01
1.792000000000000e-12 -5.929249269267124e+02 1.113205054610134e+01
1.800000000000000e-12 -5.929251481755327e+02 1.130118036116869e+01
1.808000000000000e-12 -5.929249721499125e+02 1.102910590313028e+01
1.816000000000000e-12 -5.929244991490639e+02 1.039621328514642e+01
1.824000000000000e-12 -5.929239443211195e+02 9.620565790054080e+00
1.832000000000000e-12 -5.929235602875146e+02 8.956112376107113e+00
1.840000000000000e-12 -5.929234788776649e+02 8.585102404806026e+00
1.848000000000000e-12 -5.929236435456228e+02 8.556625726593575e+00
1.856000000000000e-12 -5.929239557608521e+02 8.795983614002227e+00
1.864000000000000e-12 -5.929241937950613e+02 9.169979680615144e+00
1.872000000000000e-12 -5.929242866359014e+02 9.563754655006015e+00
1.880000000000000e-12 -5.929242776052713e+02 9.922595645751043e+00
1.888000000000000e-12 -5.929242670294453e+02 1.024094281440932e+01
1.896000000000000e-12 -5.929243184486625e+02 1.051872066263170e+01
1.904000000000000e-12 -5.929244631395636e+02 1.072418389646076e+01
1.912000000000000e-12 -5.929246102206607e+02 1.079271967913512e+01
1.920000000000000e-12 -5.929246356082903e+02 1.066294882081260e+01
1.928000000000000e-12 -5.929244777463676e+02 1.032609068526591e+01
1.936000000000000e-12 -5.929241593650867e+02 9.856499396069859e+00
1.944000000000000e-12 -5.929237902112471e+02 9.401666359769687e+00
1.952000000000000e-12 -5.929235257880857e+02 9.130973721637387e+00
1.960000000000000e-12 -5.929234970037110e+02 9.164019897757401e+00
1.968000000000000e-12 -5.929237338839210e+02 9.512557368949306e+00
1.976000000000000e-12 -5.929241512957942e+02 1.006707933766261e+01
1.984000000000000e-12 -5.929245616299645e+02 1.063896530881700e+01
1.992000000000000e-12 -5.929247838347106e+02 1.104079501777458e+01
2.000000000000000e-12 -5.929247438892289e+02 1.116614650945764e+01
2.008000000000000e-12 -5.929244976716716e+02 1.102916613446787e+01
2.016000000000000e-12 -5.929241733853588e+02 1.074465591319425e+01
2.024000000000000e-12 -5.929239599029629e+02 1.045955074676730e+01
2.032000000000000e-12 -5.929239705843020e+02 1.027116459254144e+01
2.040000000000000e-12 -5.929241924441405e+02 1.017566528141659e+01
2.048000000000000e-12 -5.929244660114911e+02 1.007653823944667e+01
2.056000000000000e-12 -5.929246208742384e+02 9.851399674706594e+00
2.064000000000000e-12 -5.929244807634013e+02 9.442087579906019e+00
2.072000000000000e-12 -5.929240999606266e+02 8.916160686456394e+00
2.080000000000000e-12 -5.929235940159678e+02 8.459744682917918e+00
2.088000000000000e-12 -5.929232579102249e+02 8.298053248819086e+00
2.096000000000000e-12 -5.929232957159679e+02 8.580405259382756e+00
2.104000000000000e-12 -5.929237122924895e+02 9.289111250835257e+00
2.112000000000000e-12 -5.929243785301849e+02 1.022289027129417e+01
2.120000000000000e-12 -5.929250269330342e+02 1.106896758970316e+01
2.128000000000000e-12 -5.929253424444856e+02 1.153386805625043e+01
2.136000000000000e-12 -5.929252032796976e+02 1.147169131593112e+01
2.144000000000000e-12 -5.929246630850138e+02 1.094725872732587e+01
2.152000000000000e-12 -5.929239981782898e+02 1.020233173790504e+01
2.160000000000000e-12 -5.929234996368347e+02 9.540924417776983e+00
2.168000000000000e-12 -5.929233644053638e+02 9.191328615521924e+00
2.176000000000000e-12 -5.929235956614320e+02 9.214533650400165e+00
2.184000000000000e-12 -5.929240249159382e+02 9.503224958273965e+00
2.192000000000000e-12 -5.929243796519531e+02 9.865407823840115e+00
2.200000000000000e-12 -5.929244805248554e+02 1.014037640702762e+01
2.208000000000000e-12 -5.929243254024268e+02 1.027944231819574e+01
2.216000000000000e-12 -5.929240788904031e+02 1.034768899041321e+01
2.224000000000000e-12 -5.929239781757278e+02 1.045112142940969e+01
2.232000000000000e-12 -5.929241374453452e+02 1.063784650800141e+01
2.240000000000000e-12 -5.929245130426470e+02 1.083778904350650e+01
2.248000000000000e-12 -5.929248991186371e+02 1.088295876558855e+01
2.256000000000000e-12 -5.929250252839513e+02 1.060369821209505e+01
2.264000000000000e-12 -5.929247208632734e+02 9.950603638032606e+00
2.272000000000000e-12 -5.929240248938643e+02 9.070103859976546e+00
2.280000000000000e-12 -5.929232325035650e+02 8.280194576505361e+00
2.288000000000000e-12 -5.929227148731516e+02 7.943681815028323e+00
2.296000000000000e-12 -5.929227665516146e+02 8.293441884877987e+00
2.304000000000000e-12 -5.929234352095930e+02 9.297206865177342e+00
2.312000000000000e-12 -5.929245045773002e+02 1.063645723377005e+01
2.320000000000000e-12 -5.929255095209052e+02 1.182024926469014e+01
2.328000000000000e-12 -5.929260086813950e+02 1.238848394600788e+01
2.336000000000000e-12 -5.929257763903350e+02 1.211336169490512e+01
2.344000000000000e-12 -5.929248857328167e+02 1.110544564161303e+01
2.352000000000000e-12 -5.929237253133224e+02 9.772182142383878e+00
2.360000000000000e-12 -5.929228167348500e+02 8.643377388983776e+00
2.368000000000000e-12 -5.929225218409832e+02 8.141408907860766e+00
2.376000000000000e-12 -5.929229505812933e+02 8.403128341235060e+00
2.384000000000000e-12 -5.929238518014303e+02 9.236754162683759e+00
2.392000000000000e-12 -5.929247871169541e+02 1.023045659001134e+01
2.400000000000000e-12 -5.929253421121851e+02 1.095412690172750e+01
2.408000000000000e-12 -5.929253098870078e+02 1.115242403611152e+01
2.416000000000000e-12 -5.929247797408144e+02 1.083768992160646e+01
2.424000000000000e-12 -5.929240716251678e+02 1.024613342694584e+01
2.432000000000000e-12 -5.929235906586325e+02 9.690607424353475e+00
2.440000000000000e-12 -5.929235205485577e+02 9.394173542106268e+00
2.448000000000000e-12 -5.929238326890154e+02 9.393375278665557e+00
2.456000000000000e-12 -5.929242716236067e+02 9.555942358072299e+00
2.464000000000000e-12 -5.929245309679440e+02 9.691382171555199e+00
2.472000000000000e-12 -5.929244711782318e+02 9.683305251891195e+00
2.480000000000000e-12 -5.929241109944707e+02 9.564904963559592e+00
2.488000000000000e-12 -5.929237014623512e+02 9.496165681291712e+00
2.496000000000000e-12 -5.929235047264733e+02 9.659011589103923e+00
2.504000000000000e-12 -5.929237074741241e+02 1.013087182097534e+01
2.512000000000000e-12 -5.929242736476699e+02 1.080842305317973e+01
2.520000000000000e-12 -5.929249452057595e+02 1.142921112598991e+01
2.528000000000000e-12 -5.929253664896308e+02 1.168900468632235e+01
2.536000000000000e-12 -5.929252770393819e+02 1.139987803790421e+01
2.544000000000000e-12 -5.929246545362831e+02 1.060701435168043e+01
2.552000000000000e-12 -5.929237583649908e+02 9.596724981920092e+00
2.560000000000000e-12 -5.929229984794143e+02 8.779841758628290e+00
2.568000000000000e-12 -5.929227591776786e+02 8.500024622201487e+00
2.576000000000000e-12 -5.929231890647758e+02 8.861453690835427e+00
2.584000000000000e-12 -5.929240898750296e+02 9.667611864033685e+00
2.592000000000000e-12 -5.929250221573956e+02 1.050965111593645e+01
2.600000000000000e-12 -5.929255245437382e+02 1.096562866898211e+01
2.608000000000000e-12 -5.929253253239171e+02 1.081227038312962e+01
2.616000000000000e-12 -5.929245258734658e+02 1.014121150715510e+01
2.624000000000000e-12 -5.929235121656503e+02 9.317436096678625e+00
2.632000000000000e-12 -5.929228185027645e+02 8.796437801688048e+00
2.640000000000000e-12 -5.929228200723263e+02 8.889592694509780e+00
2.648000000000000e-12 -5.929235308802562e+02 9.596949942349406e+00
2.656000000000000e-12 -5.929246132252925e+02 1.059516026997819e+01
2.664000000000000e-12 -5.929255366674548e+02 1.139006795356208e+01
2.672000000000000e-12 -5.929258468549406e+02 1.155976361562044e+01
2.680000000000000e-12 -5.929253504033495e+02 1.096836976874603e+01
2.688000000000000e-12 -5.929242656644520e+02 9.845103258350683e+00
2.696000000000000e-12 -5.929230871719409e+02 8.687560287926759e+00
2.704000000000000e-12 -5.929223888528182e+02 8.032227288866045e+00
2.712000000000000e-12 -5.929224836719086e+02 8.200157242933656e+00
2.720000000000000e-12 -5.929233613013674e+02 9.140158815092786e+00
2.728000000000000e-12 -5.929246235096304e+02 1.044661886427398e+01
2.736000000000000e-12 -5.929256789080271e+02 1.154502193008703e+01
2.744000000000000e-12 -5.929260301604761e+02 1.195818762155290e+01
2.752000000000000e-12 -5.929255163623669e+02 1.152795474131484e+01
2.760000000000000e-12 -5.929243997602098e+02 1.048727390907104e+01
2.768000000000000e-12 -5.929232049080019e+02 9.347022161048178e+00
2.776000000000000e-12 -5.929225170683375e+02 8.650461508977358e+00
2.784000000000000e-12 -5.929226425338895e+02 8.713626189203834e+00
2.792000000000000e-12 -5.929235110186135e+02 9.478014330713840e+00
2.800000000000000e-12 -5.929246980029905e+02 1.054705126151659e+01
2.808000000000000e-12 -5.929256215690503e+02 1.138519718515099e+01
2.816000000000000e-12 -5.929258284637478e+02 1.157800351082382e+01
2.824000000000000e-12 -5.929252567996042e+02 1.102637211269163e+01
2.832000000000000e-12 -5.929242072309246e+02 9.985853438908721e+00
2.840000000000000e-12 -5.929231575800089e+02 8.937434963994560e+00
2.848000000000000e-12 -5.929226235641821e+02 8.355119925290282e+00
2.856000000000000e-12 -5.929228358255589e+02 8.482984407713634e+00
2.864000000000000e-12 -5.929236708310133e+02 9.227551465702826e+00
2.872000000000000e-12 -5.929247074518771e+02 1.021325623711950e+01
2.880000000000000e-12 -5.929254596090115e+02 1.096846955514623e+01
2.888000000000000e-12 -5.929255789998244e+02 1.114967963884482e+01
2.896000000000000e-12 -5.929250280603367e+02 1.069844372713678e+01
2.904000000000000e-12 -5.929240862895754e+02 9.860867691083994e+00
2.912000000000000e-12 -5.929231936249039e+02 9.064633438827077e+00
2.920000000000000e-12 -5.929227871625361e+02 8.713373526495936e+00
2.928000000000000e-12 -5.929230370395829e+02 8.995537354682178e+00
2.936000000000000e-12 -5.929238316435241e+02 9.798260715707492e+00
2.944000000000000e-12 -5.929247617634277e+02 1.076606770175832e+01
2.952000000000000e-12 -5.929254140038740e+02 1.147336913754659e+01
2.960000000000000e-12 -5.929254836518801e+02 1.162431098139235e+01
2.968000000000000e-12 -5.929249874799009e+02 1.118242715744163e+01
2.976000000000000e-12 -5.929242004578950e+02 1.037086474718542e+01
2.984000000000000e-12 -5.929234944915097e+02 9.549896763387761e+00
2.992000000000000e-12 -5.929232122861437e+02 9.038684035914333e+00
3.000000000000000e-12 -5.929234031755559e+02 8.973159404460192e+00
3.008000000000000e-12 -5.929239116845548e+02 9.268316495740576e+00
3.016000000000000e-12 -5.929244355818375e+02 9.694136004793307e+00
3.024000000000000e-12 -5.929247139549293e+02 1.001372618016213e+01
3.032000000000000e-12 -5.929246197393501e+02 1.010434755890621e+01
3.040000000000000e-12 -5.929242972303424e+02 9.999931448792832e+00
3.048000000000000e-12 -5.929239642168419e+02 9.842592435810959e+00
3.056000000000000e-12 -5.929238291204800e+02 9.780427017042141e+00
3.064000000000000e-12 -5.929239604560760e+02 9.873694936059323e+00
3.072000000000000e-12 -5.929242705401974e+02 1.006186521692237e+01
3.080000000000000e-12 -5.929245471337811e+02 1.020794604797237e+01
3.088000000000000e-12 -5.929245816105581e+02 1.019293092445214e+01
3.096000000000000e-12 -5.929243178455202e+02 1.000398367038393e+01
3.104000000000000e-12 -5.929238709111781e+02 9.761157395450970e+00
3.112000000000000e-12 -5.929235095326186e+02 9.660687820441391e+00
3.120000000000000e-12 -5.929234667581673e+02 9.861608149907235e+00
3.128000000000000e-12 -5.929238266674603e+02 1.037870719270953e+01
3.136000000000000e-12 -5.929244574057537e+02 1.104559696370535e+01
3.144000000000000e-12 -5.929250708717564e+02 1.157461466345670e+01
3.152000000000000e-12 -5.929253727673959e+02 1.168724471232941e+01
3.160000000000000e-12 -5.929251986612414e+02 1.125079457900266e+01
3.168000000000000e-12 -5.929245788863109e+02 1.035377351229180e+01
3.176000000000000e-12 -5.929237781173136e+02 9.282197964296545e+00
3.184000000000000e-12 -5.929231486346832e+02 8.405153893830310e+00
3.192000000000000e-12 -5.929229298816091e+02 8.019696041625824e+00
3.200000000000000e-12 -5.929232128524920e+02 8.225825650166279e+00
3.208000000000000e-12 -5.929238489914992e+02 8.889974997810022e+00
3.216000000000000e-12 -5.929245615778942e+02 9.713211396841830e+00
3.224000000000000e-12 -5.929250184803549e+02 1.037009921586805e+01
3.232000000000000e-12 -5.929250447836240e+02 1.065083237115187e+01
3.240000000000000e-12 -5.929246858876797e+02 1.053974840528647e+01
3.248000000000000e-12 -5.929241537488958e+02 1.019689250334779e+01
3.256000000000000e-12 -5.929237424536915e+02 9.858251858139759e+00
3.264000000000000e-12 -5.929236333219354e+02 9.710258470947817e+00
3.272000000000000e-12 -5.929238392839310e+02 9.804616976912712e+00
3.280000000000000e-12 -5.929241967555695e+02 1.005420136800900e+01
3.288000000000000e-12 -5.929244719264076e+02 1.030371163242343e+01
3.296000000000000e-12 -5.929245224385445e+02 1.042768025582790e+01
3.304000000000000e-12 -5.929243520813278e+02 1.039761798555635e+01
3.312000000000000e-12 -5.929241074628651e+02 1.028352041036780e+01
3.320000000000000e-12 -5.929239322872701e+02 1.019589475657481e+01
3.328000000000000e-12 -5.929239649191604e+02 1.020838225943506e+01
3.336000000000000e-12 -5.929241664609090e+02 1.030927373828889e+01
3.344000000000000e-12 -5.929244084837372e+02 1.041019477194397e+01
3.352000000000000e-12 -5.929245240402771e+02 1.040470324058703e+01
3.360000000000000e-12 -5.929244362365419e+02 1.023976157523465e+01
3.368000000000000e-12 -5.929241854428309e+02 9.956305932755848e+00
3.376000000000000e-12 -5.929238829455403e+02 9.674407556910261e+00
3.384000000000000e-12 -5.929237066661502e+02 9.531150463427165e+00
3.392000000000000e-12 -5.929237771837161e+02 9.605787728022076e+00
3.400000000000000e-12 -5.929240495779035e+02 9.873153210056708e+00
3.408000000000000e-12 -5.929243977891831e+02 1.020992120058550e+01
3.416000000000000e-12 -5.929246817707271e+02 1.044977779278954e+01
3.424000000000000e-12 -5.929247704073114e+02 1.046014676117974e+01
3.432000000000000e-12 -5.929246066465378e+02 1.020410479951971e+01
3.440000000000000e-12 -5.929242638487973e+02 9.759206675382705e+00
3.448000000000000e-12 -5.929238939446432e+02 9.284940170523598e+00
3.456000000000000e-12 -5.929236594833894e+02 8.953548114690681e+00
3.464000000000000e-12 -5.929236468412272e+02 8.876445992081832e+00
3.472000000000000e-12 -5.929238398200577e+02 9.062013740715173e+00
3.480000000000000e-12 -5.929241027163080e+02 9.425123315324953e+00
3.488000000000000e-12 -5.929243173108549e+02 9.840331622319777e+00
3.496000000000000e-12 -5.929243749176939e+02 1.020615505960368e+01
3.504000000000000e-12 -5.929243245344063e+02 1.048294056120335e+01
3.512000000000000e-12 -5.929242583386095e+02 1.068569678664410e+01
3.520000000000000e-12 -5.929242523617287e+02 1.084365459424871e+01
3.528000000000000e-12 -5.929243289077143e+02 1.095897671264221e+01
3.536000000000000e-12 -5.929244508981081e+02 1.099441653446052e+01
3.544000000000000e-12 -5.929245140796564e+02 1.089722738106147e+01
3.552000000000000e-12 -5.929244565506242e+02 1.064123683633534e+01
3.560000000000000e-12 -5.929242681018443e+02 1.025744772117067e+01
3.568000000000000e-12 -5.929240419315996e+02 9.831849733233213e+00
3.576000000000000e-12 -5.929238836524855e+02 9.470532154219113e+00
3.584000000000000e-12 -5.929238521730862e+02 9.251765240009853e+00
3.592000000000000e-12 -5.929239637612717e+02 9.192556853097884e+00
3.600000000000000e-12 -5.929241284246542e+02 9.248801561044480e+00
3.608000000000000e-12 -5.929242515465778e+02 9.348287676716660e+00
3.616000000000000e-12 -5.929242563702744e+02 9.436785428484383e+00
3.624000000000000e-12 -5.929241292190627e+02 9.510569533019103e+00
3.632000000000000e-12 -5.929239520553816e+02 9.617565412175139e+00
3.640000000000001e-12 -5.929238518319937e+02 9.825909967690839e+00
3.648000000000001e-12 -5.929239164339590e+02 1.017537322954079e+01
3.656000000000001e-12 -5.929241421035607e+02 1.063736940751913e+01
3.664000000000001e-12 -5.929244670396992e+02 1.110707402300817e+01
3.672000000000001e-12 -5.929247609688538e+02 1.143562651192917e+01
3.680000000000000e-12 -5.929248841518073e+02 1.149041823454527e+01
3.688000000000000e-12 -5.929247778770857e+02 1.121632832390805e+01
3.696000000000000e-12 -5.929244567579707e+02 1.066667484364599e+01
3.704000000000000e-12 -5.929240714203539e+02 9.985994975419750e+00
3.712000000000000e-12 -5.929237727405670e+02 9.352402928612022e+00
3.720000000000000e-12 -5.929236662967025e+02 8.908085633347353e+00
3.728000000000000e-12 -5.929237402058981e+02 8.711722541793602e+00
3.736000000000000e-12 -5.929239189464964e+02 8.733329103572766e+00
3.744000000000000e-12 -5.929241173073414e+02 8.888383097100817e+00
3.752000000000000e-12 -5.929242292950596e+02 9.089689169939465e+00
3.760000000000000e-12 -5.929242042415727e+02 9.289466284775825e+00
3.768000000000000e-12 -5.929241190272803e+02 9.492108287521587e+00
3.776000000000000e-12 -5.929240382337961e+02 9.735083091443210e+00
3.784000000000000e-12 -5.929240331317162e+02 1.005145241584901e+01
3.792000000000000e-12 -5.929241399229845e+02 1.043556053115737e+01
3.800000000000000e-12 -5.929243433046809e+02 1.082991346621935e+01
3.808000000000000e-12 -5.929245496341753e+02 1.114005310118021e+01
3.816000000000000e-12 -5.929246705157984e+02 1.127075653210830e+01
3.824000000000001e-12 -5.929246534685370e+02 1.116681238828609e+01
3.832000000000001e-12 -5.929244759235756e+02 1.084062612256690e+01
3.840000000000001e-12 -5.929242198919690e+02 1.037470543705404e+01
3.848000000000001e-12 -5.929239562442602e+02 9.896528795610530e+00
3.856000000000001e-12 -5.929237572852157e+02 9.534456183798753e+00
3.864000000000000e-12 -5.929237318737542e+02 9.372563818702652e+00
3.872000000000000e-12 -5.929238635350904e+02 9.422996349130797e+00
3.880000000000000e-12 -5.929240849417552e+02 9.626885318668956e+00
3.888000000000000e-12 -5.929243051694042e+02 9.882175147839899e+00
3.896000000000000e-12 -5.929244462520442e+02 1.008431630097782e+01
3.904000000000000e-12 -5.929244798043806e+02 1.016259840576776e+01
3.912000000000000e-12 -5.929243907009048e+02 1.010108362822075e+01
3.920000000000000e-12 -5.929242101359803e+02 9.940871694766891e+00
3.928000000000000e-12 -5.929239950795494e+02 9.765844960068048e+00
3.936000000000000e-12 -5.929238083578316e+02 9.676230649768589e+00
3.944000000000000e-12 -5.929237448500071e+02 9.754007713167468e+00
3.952000000000000e-12 -5.929238590859262e+02 1.002601939727839e+01
3.960000000000000e-12 -5.929241682620590e+02 1.043604064938773e+01
3.968000000000000e-12 -5.929246122381761e+02 1.084175396005120e+01
3.976000000000000e-12 -5.929249923174061e+02 1.104970042873010e+01
3.984000000000000e-12 -5.929251551914471e+02 1.088713316027825e+01
3.992000000000000e-12 -5.929249507337894e+02 1.028854059699247e+01
4.000000000000000e-12 -5.929243880049332e+02 9.357375295547772e+00
4.008000000000001e-12 -5.929236029447834e+02 8.363773453033534e+00
4.016000000000001e-12 -5.929229279099106e+02 7.662619486652778e+00
4.024000000000001e-12 -5.929226616381150e+02 7.556442362959779e+00
4.032000000000001e-12 -5.929229388348764e+02 8.161859154933820e+00
4.040000000000001e-12 -5.929236948163121e+02 9.342979534939296e+00
4.048000000000001e-12 -5.929246449671238e+02 1.074747572070988e+01
4.056000000000000e-12 -5.929254354048659e+02 1.193374636376759e+01
4.064000000000000e-12 -5.929257672921341e+02 1.253574720234246e+01
4.072000000000000e-12 -5.929255340138412e+02 1.239809057285428e+01
4.080000000000000e-12 -5.929248347122740e+02 1.162921995439090e+01
4.088000000000000e-12 -5.929239292709040e+02 1.055420190328955e+01
4.096000000000000e-12 -5.929231861041598e+02 9.586848690510372e+00
4.104000000000000e-12 -5.929228915626172e+02 9.069578708361595e+00
4.112000000000000e-12 -5.929231400484059e+02 9.142119177328233e+00
4.120000000000000e-12 -5.929238223821100e+02 9.691567911695406e+00
4.128000000000000e-12 -5.929246379481226e+02 1.040498858864009e+01
4.136000000000000e-12 -5.929252397154069e+02 1.090579972205283e+01
4.144000000000000e-12 -5.929253488089171e+02 1.091948928868304e+01
4.152000000000000e-12 -5.929249125346938e+02 1.039663116411993e+01
4.160000000000000e-12 -5.929241331043612e+02 9.536265062647109e+00
4.168000000000000e-12 -5.929233637738079e+02 8.696665803018211e+00
4.176000000000000e-12 -5.929229494392300e+02 8.233734288050567e+00
4.184000000000000e-12 -5.929230521468875e+02 8.342923657961430e+00
4.192000000000001e-12 -5.929236200447826e+02 8.977443298588774e+00
4.200000000000001e-12 -5.929243812145978e+02 9.877470201934866e+00
4.208000000000001e-12 -5.929250015740279e+02 1.069296177354701e+01
4.216000000000001e-12 -5.929252113601901e+02 1.113830310188019e+01
4.224000000000001e-12 -5.929249859258550e+02 1.110593585026383e+01
4.232000000000001e-12 -5.929244623502998e+02 1.069297130069076e+01
4.240000000000001e-12 -5.929238966769851e+02 1.013702133753926e+01
4.248000000000000e-12 -5.929235500541716e+02 9.696075346002349e+00
4.256000000000000e-12 -5.929235702998202e+02 9.529189213783702e+00
4.264000000000000e-12 -5.929239021272582e+02 9.632158582512306e+00
4.272000000000000e-12 -5.929243594509666e+02 9.857354543011446e+00
4.280000000000000e-12 -5.929246440130484e+02 1.000736131534968e+01
4.288000000000000e-12 -5.929246081125582e+02 9.953938935418465e+00
4.296000000000000e-12 -5.929242531783582e+02 9.717273024712410e+00
4.304000000000000e-12 -5.929237581106266e+02 9.459892030568332e+00
4.312000000000000e-12 -5.929234443191336e+02 9.396405699933355e+00
4.320000000000000e-12 -5.929234920743269e+02 9.668099204100683e+00
4.328000000000000e-12 -5.929239088195233e+02 1.025205044047674e+01
4.336000000000000e-12 -5.929245172150902e+02 1.095514886300924e+01
4.344000000000000e-12 -5.929250383079200e+02 1.149711554658579e+01
4.352000000000000e-12 -5.929252195719810e+02 1.164019838494790e+01
4.360000000000000e-12 -5.929249773855443e+02 1.130053375073817e+01
4.368000000000000e-12 -5.929244247213887e+02 1.058697359650237e+01
4.376000000000001e-12 -5.929238146254814e+02 9.750874077002557e+00
4.384000000000001e-12 -5.929234029577292e+02 9.074315455027246e+00
4.392000000000001e-12 -5.929233433461902e+02 8.751809388093562e+00
4.400000000000001e-12 -5.929236096130719e+02 8.818383594133978e+00
4.408000000000001e-12 -5.929240728407697e+02 9.151298920614153e+00
4.416000000000001e-12 -5.929244914733018e+02 9.540303070599261e+00
4.424000000000001e-12 -5.929246612493721e+02 9.793640390741158e+00
4.432000000000001e-12 -5.929245133773895e+02 9.831596068076314e+00
4.440000000000000e-12 -5.929241191885842e+02 9.722734985244662e+00
4.448000000000000e-12 -5.929237349180196e+02 9.642188889130310e+00
4.456000000000000e-12 -5.929235839050342e+02 9.769119000890303e+00
4.464000000000000e-12 -5.929237914340891e+02 1.017480633938090e+01
4.472000000000000e-12 -5.929242861080870e+02 1.076340467747110e+01
4.480000000000000e-12 -5.929248454303846e+02 1.130340171772053e+01
4.488000000000000e-12 -5.929251740508714e+02 1.153769398218398e+01
4.496000000000000e-12 -5.929250946453953e+02 1.131456098452239e+01
4.504000000000000e-12 -5.929246183086327e+02 1.067056142196780e+01
4.512000000000000e-12 -5.929239587142661e+02 9.822778862444681e+00
4.520000000000000e-12 -5.929234229291343e+02 9.074465772088862e+00
4.528000000000000e-12 -5.929232276129862e+02 8.680444740864974e+00
4.536000000000000e-12 -5.929234376472665e+02 8.736747528582853e+00
4.544000000000000e-12 -5.929239342846669e+02 9.146230951040419e+00
4.552000000000000e-12 -5.929244939231794e+02 9.674929016497275e+00
4.560000000000000e-12 -5.929248100583834e+02 1.006993477283732e+01
4.568000000000001e-12 -5.929247837834091e+02 1.018055711174483e+01
4.576000000000001e-12 -5.929244101750069e+02 1.002412031014107e+01
4.584000000000001e-12 -5.929239254937520e+02 9.765778900077672e+00
4.592000000000001e-12 -5.929235917320801e+02 9.623783275745332e+00
4.600000000000001e-12 -5.929235980194338e+02 9.748247083910242e+00
4.608000000000001e-12 -5.929239437434970e+02 1.013588283294441e+01
4.616000000000001e-12 -5.929244569264654e+02 1.062675703362925e+01
4.624000000000000e-12 -5.929248705250850e+02 1.098705307582848e+01
4.632000000000000e-12 -5.929249363596614e+02 1.103441524206172e+01
4.640000000000000e-12 -5.929246337792603e+02 1.073706452342762e+01
4.648000000000000e-12 -5.929241357396243e+02 1.023199302142350e+01
4.656000000000000e-12 -5.929236774267242e+02 9.753469558458731e+00
4.664000000000000e-12 -5.929234944844186e+02 9.513019421286359e+00
4.672000000000000e-12 -5.929236639970910e+02 9.595986406606352e+00
4.680000000000000e-12 -5.929240756360907e+02 9.927078829958022e+00
4.688000000000000e-12 -5.929245192494561e+02 1.031718059744325e+01
4.696000000000000e-12 -5.929247865750916e+02 1.056044072560575e+01
4.704000000000000e-12 -5.929247704671343e+02 1.052992652495819e+01
4.712000000000000e-12 -5.929245124762668e+02 1.022802278986359e+01
4.720000000000000e-12 -5.929241321558608e+02 9.774262612733995e+00
4.728000000000000e-12 -5.929238023467007e+02 9.343359835263110e+00
4.736000000000000e-12 -5.929236990423486e+02 9.085988631362344e+00
4.744000000000000e-12 -5.929237821510299e+02 9.069097304008576e+00
4.752000000000001e-12 -5.929239944728946e+02 9.260759063580123e+00
4.760000000000001e-12 -5.929242369528781e+02 9.561741505582456e+00
4.768000000000001e-12 -5.929243721279362e+02 9.863799413080892e+00
4.776000000000001e-12 -5.929243589638897e+02 1.010252970509771e+01
4.784000000000001e-12 -5.929242689852588e+02 1.027505981649668e+01
4.792000000000001e-12 -5.929242303507783e+02 1.041268455456935e+01
4.800000000000001e-12 -5.929243214163139e+02 1.052973968533345e+01
4.808000000000001e-12 -5.929244962837311e+02 1.058862514948797e+01
4.816000000000000e-12 -5.929246280619135e+02 1.051173341652047e+01
4.824000000000000e-12 -5.929245718340416e+02 1.024030179373372e+01
4.832000000000000e-12 -5.929242537020981e+02 9.803506044303250e+00
4.840000000000000e-12 -5.929237751042941e+02 9.345888768599528e+00
4.848000000000000e-12 -5.929233728633081e+02 9.083120001309799e+00
4.856000000000000e-12 -5.929232422243892e+02 9.200675446830214e+00
4.864000000000000e-12 -5.929235304847565e+02 9.748553643896051e+00
4.872000000000000e-12 -5.929241457122869e+02 1.059160477393419e+01
4.880000000000000e-12 -5.929248447048585e+02 1.144598976190845e+01
4.888000000000000e-12 -5.929253559953345e+02 1.198707918837698e+01
4.896000000000000e-12 -5.929254682569871e+02 1.197927054261877e+01
4.904000000000000e-12 -5.929251431140826e+02 1.137065416231867e+01
4.912000000000000e-12 -5.929244927208125e+02 1.031448759312195e+01
4.920000000000000e-12 -5.929237852880426e+02 9.112724754468889e+00
4.928000000000000e-12 -5.929232160338368e+02 8.107648422376398e+00
4.936000000000001e-12 -5.929229762599211e+02 7.566813405933179e+00
4.944000000000001e-12 -5.929231015238217e+02 7.604536114159544e+00
4.952000000000001e-12 -5.929235050416278e+02 8.163417201697099e+00
4.960000000000001e-12 -5.929240243209061e+02 9.054970516424218e+00
4.968000000000001e-12 -5.929244864399134e+02 1.003650797399929e+01
4.976000000000001e-12 -5.929247777500948e+02 1.088957166586188e+01
4.984000000000001e-12 -5.929248947264163e+02 1.146921296716473e+01
4.992000000000001e-12 -5.929248766074559e+02 1.171298391938644e+01
5.000000000000001e-12 -5.929247799619294e+02 1.162349741282121e+01
5.008000000000000e-12 -5.929246001774823e+02 1.124952346933576e+01
5.016000000000000e-12 -5.929243411299293e+02 1.067910422112799e+01
5.024000000000000e-12 -5.929240182112907e+02 1.003938440839659e+01
5.032000000000000e-12 -5.929237095246579e+02 9.485442528962324e+00
5.040000000000000e-12 -5.929235135582727e+02 9.164300263431789e+00
5.048000000000000e-12 -5.929235639371173e+02 9.161572027946855e+00
5.056000000000000e-12 -5.929238767013144e+02 9.454131448939965e+00
5.064000000000000e-12 -5.929243637198230e+02 9.898088248842621e+00
5.072000000000000e-12 -5.929248239161524e+02 1.027390165171363e+01
5.080000000000000e-12 -5.929250239276192e+02 1.038034203366949e+01
5.088000000000000e-12 -5.929248181675320e+02 1.013530286213928e+01
5.096000000000000e-12 -5.929242806312135e+02 9.630472135269907e+00
5.104000000000000e-12 -5.929236297336229e+02 9.106480064653752e+00
5.112000000000000e-12 -5.929231795521931e+02 8.850812756935676e+00
5.120000000000001e-12 -5.929231673256220e+02 9.059902580452393e+00
5.128000000000001e-12 -5.929236384023667e+02 9.732872654571310e+00
5.136000000000001e-12 -5.929244017492982e+02 1.065216353921176e+01
5.144000000000001e-12 -5.929251461122298e+02 1.146408260925534e+01
5.152000000000001e-12 -5.929255282513549e+02 1.182831682631138e+01
5.160000000000001e-12 -5.929253643139850e+02 1.157068037021736e+01
5.168000000000001e-12 -5.929247099550834e+02 1.076680174024405e+01
5.176000000000001e-12 -5.929238407994101e+02 9.716331847837679e+00
5.184000000000001e-12 -5.929231502619356e+02 8.816941586444065e+00
5.192000000000000e-12 -5.929228894237713e+02 8.394446841379985e+00
5.200000000000000e-12 -5.929231824734782e+02 8.567258490999270e+00
5.208000000000000e-12 -5.929238483582701e+02 9.206245387144945e+00
5.216000000000000e-12 -5.929245763823592e+02 1.000579756841680e+01
5.224000000000000e-12 -5.929250511832321e+02 1.062957643606055e+01
5.232000000000000e-12 -5.929250734572485e+02 1.086018568183675e+01
5.240000000000000e-12 -5.929246764344585e+02 1.068471964116067e+01
5.248000000000000e-12 -5.929240785859635e+02 1.028130077168606e+01
5.256000000000000e-12 -5.929236051399932e+02 9.917170149014639e+00
5.264000000000000e-12 -5.929234732785568e+02 9.809717681902979e+00
5.272000000000000e-12 -5.929237450767937e+02 1.001885629409541e+01
5.280000000000000e-12 -5.929242765828564e+02 1.042313903565525e+01
5.288000000000000e-12 -5.929247723876032e+02 1.078915745376536e+01
5.296000000000000e-12 -5.929249888560719e+02 1.089557395114880e+01
5.304000000000000e-12 -5.929248372523596e+02 1.064526664637170e+01
5.312000000000001e-12 -5.929244185386235e+02 1.010790045939902e+01
5.320000000000001e-12 -5.929239418482564e+02 9.476814439890262e+00
5.328000000000001e-12 -5.929236177076970e+02 8.970619887065654e+00
5.336000000000001e-12 -5.929235821546422e+02 8.733079597897538e+00
5.344000000000001e-12 -5.929237952808430e+02 8.780714703996104e+00
5.352000000000001e-12 -5.929241011484570e+02 9.019726052841680e+00
5.360000000000001e-12 -5.929242973569410e+02 9.314332488858401e+00
5.368000000000001e-12 -5.929243319719956e+02 9.563997980464864e+00
5.376000000000001e-12 -5.929241993725950e+02 9.748841815281670e+00
5.384000000000000e-12 -5.929240202768797e+02 9.923218463254653e+00
5.392000000000000e-12 -5.929239327823441e+02 1.016644417479059e+01
5.400000000000000e-12 -5.929240222904361e+02 1.052001672387549e+01
5.408000000000000e-12 -5.929242720249330e+02 1.094498405844768e+01
5.416000000000000e-12 -5.929245986942666e+02 1.132356642384187e+01
5.424000000000000e-12 -5.929248219198748e+02 1.150816244034303e+01
5.432000000000000e-12 -5.929248183798200e+02 1.139607242292955e+01
5.440000000000000e-12 -5.929245574451793e+02 1.099026890742731e+01
5.448000000000000e-12 -5.929241554922220e+02 1.040882316479706e+01
5.456000000000000e-12 -5.929238207408308e+02 9.832598512374618e+00
5.464000000000000e-12 -5.929237028276971e+02 9.418486189648100e+00
5.472000000000000e-12 -5.929238218415104e+02 9.228056269932104e+00
5.480000000000000e-12 -5.929240834316089e+02 9.212535177094393e+00
5.488000000000000e-12 -5.929242999826257e+02 9.260628365219931e+00
5.496000000000001e-12 -5.929243465816420e+02 9.278474770960392e+00
5.504000000000001e-12 -5.929241487807993e+02 9.253234686112387e+00
5.512000000000001e-12 -5.929238878708985e+02 9.262164218819848e+00
5.520000000000001e-12 -5.929237097614265e+02 9.420504673431335e+00
5.528000000000001e-12 -5.929238018450405e+02 9.797205042679233e+00
5.536000000000001e-12 -5.929241512497846e+02 1.034814750525820e+01
5.544000000000001e-12 -5.929246447585318e+02 1.090856252825055e+01
5.552000000000001e-12 -5.929250416605977e+02 1.125476985289002e+01
5.560000000000001e-12 -5.929251226101632e+02 1.120856555694440e+01
5.568000000000001e-12 -5.929248027097364e+02 1.073382481972552e+01
5.576000000000000e-12 -5.929241860497036e+02 9.975975714328392e+00
5.584000000000000e-12 -5.929235231751189e+02 9.218428522830177e+00
5.592000000000000e-12 -5.929231058415752e+02 8.766975918139405e+00
5.600000000000000e-12 -5.929231571230997e+02 8.810102800049057e+00
5.608000000000000e-12 -5.929236762470941e+02 9.322060982543771e+00
5.616000000000000e-12 -5.929244473988659e+02 1.006213233354063e+01
5.624000000000000e-12 -5.929251075229591e+02 1.067914906105276e+01
5.632000000000000e-12 -5.929253301243847e+02 1.087656987714930e+01
5.640000000000000e-12 -5.929249860107755e+02 1.055938604947200e+01
5.648000000000000e-12 -5.929242114516162e+02 9.888937442578758e+00
5.656000000000000e-12 -5.929233983257485e+02 9.213992257839028e+00
5.664000000000000e-12 -5.929229201422951e+02 8.906763864162592e+00
5.672000000000000e-12 -5.929230296254169e+02 9.181610949402875e+00
5.680000000000001e-12 -5.929236945667238e+02 9.984736592696624e+00
5.688000000000001e-12 -5.929246279673818e+02 1.100964870245517e+01
5.696000000000001e-12 -5.929254010254575e+02 1.183170719601533e+01
5.704000000000001e-12 -5.929256740756610e+02 1.209709260568705e+01
5.712000000000001e-12 -5.929253590796375e+02 1.167702912819288e+01
5.720000000000001e-12 -5.929245954553954e+02 1.071723884986777e+01
5.728000000000001e-12 -5.929237435794342e+02 9.564311590460546e+00
5.736000000000001e-12 -5.929231648441914e+02 8.608638926958561e+00
5.744000000000001e-12 -5.929230629493187e+02 8.120305043863645e+00
5.752000000000001e-12 -5.929233974107893e+02 8.154341088262976e+00
5.760000000000000e-12 -5.929239373365613e+02 8.564820219210254e+00
5.768000000000000e-12 -5.929243676513591e+02 9.112144259179541e+00
5.776000000000000e-12 -5.929244777083206e+02 9.601739591943407e+00
5.784000000000000e-12 -5.929242789936500e+02 9.977283990476995e+00
5.792000000000000e-12 -5.929239633372692e+02 1.031840958398784e+01
5.800000000000000e-12 -5.929238545722792e+02 1.074734542378375e+01
5.808000000000000e-12 -5.929241172586331e+02 1.130264726388634e+01
5.816000000000000e-12 -5.929246908795284e+02 1.186104465461667e+01
5.824000000000000e-12 -5.929252976213799e+02 1.216283783704405e+01
5.832000000000000e-12 -5.929255727710618e+02 1.193761766172609e+01
5.840000000000000e-12 -5.929252702393412e+02 1.106843798600756e+01
5.848000000000000e-12 -5.929243967413394e+02 9.704748673984879e+00
5.856000000000000e-12 -5.929232628339947e+02 8.252908250657645e+00
5.864000000000000e-12 -5.929223931937664e+02 7.231331243980917e+00
5.872000000000001e-12 -5.929221845175838e+02 7.047736039390348e+00
5.880000000000001e-12 -5.929228055441537e+02 7.801799728903418e+00
5.888000000000001e-12 -5.929239946708543e+02 9.214331829509861e+00
5.896000000000001e-12 -5.929253007563058e+02 1.072845515822592e+01
5.904000000000001e-12 -5.929261314269704e+02 1.174422307193168e+01
5.912000000000001e-12 -5.929260967576370e+02 1.188015210585279e+01
5.920000000000001e-12 -5.929252371834590e+02 1.114181675550762e+01
5.928000000000001e-12 -5.929239252693450e+02 9.919753569298871e+00
5.936000000000001e-12 -5.929227485594778e+02 8.812822499524328e+00
5.944000000000001e-12 -5.929222591938305e+02 8.355156220994889e+00
5.952000000000000e-12 -5.929226479418887e+02 8.774323829876813e+00
5.960000000000000e-12 -5.929237188760998e+02 9.895570242268033e+00
5.968000000000000e-12 -5.929249340007374e+02 1.123516250676138e+01
5.976000000000000e-12 -5.929257784183001e+02 1.223178558168565e+01
5.984000000000000e-12 -5.929258901988932e+02 1.249942065802627e+01
5.992000000000000e-12 -5.929252884584096e+02 1.198192725937368e+01
6.000000000000000e-12 -5.929243269862262e+02 1.094531810979743e+01
6.008000000000000e-12 -5.929234730140043e+02 9.825793763599307e+00
6.016000000000000e-12 -5.929230785123879e+02 9.018040758758890e+00
6.024000000000000e-12 -5.929232509482032e+02 8.709403837853879e+00
6.032000000000000e-12 -5.929237841727714e+02 8.834283950971203e+00
6.040000000000000e-12 -5.929243376437338e+02 9.157499525304134e+00
6.048000000000000e-12 -5.929246171742944e+02 9.429459415821924e+00
6.056000000000001e-12 -5.929244993781211e+02 9.523361498157859e+00
6.064000000000001e-12 -5.929241446101674e+02 9.482106982248533e+00
6.072000000000001e-12 -5.929238102064600e+02 9.458807966242299e+00
6.080000000000001e-12 -5.929237588573170e+02 9.595593624354384e+00
6.088000000000001e-12 -5.929240383199794e+02 9.916951528515659e+00
6.096000000000001e-12 -5.929244782490988e+02 1.030158184943580e+01
6.104000000000001e-12 -5.929248231916811e+02 1.054952060277762e+01
6.112000000000001e-12 -5.929248354457106e+02 1.050594035863014e+01
6.120000000000001e-12 -5.929244524720438e+02 1.016862092436328e+01
6.128000000000001e-12 -5.929238538235688e+02 9.711242575948878e+00
6.136000000000001e-12 -5.929233851748746e+02 9.399678428398857e+00
6.144000000000000e-12 -5.929233412918298e+02 9.441959576308415e+00
6.152000000000000e-12 -5.929237759148047e+02 9.857923339896018e+00
6.160000000000000e-12 -5.929244807871362e+02 1.045008393201090e+01
6.168000000000000e-12 -5.929250612802414e+02 1.090092891944677e+01
6.176000000000000e-12 -5.929251833177336e+02 1.094739818111383e+01
6.184000000000000e-12 -5.929247386454814e+02 1.053672412056140e+01
6.192000000000000e-12 -5.929239134911120e+02 9.875018243328421e+00
6.200000000000000e-12 -5.929231375041393e+02 9.334786038601660e+00
6.208000000000000e-12 -5.929228663573600e+02 9.261593434026027e+00
6.216000000000000e-12 -5.929232877821529e+02 9.777403513363124e+00
6.224000000000000e-12 -5.929242568597110e+02 1.068780502232285e+01
6.232000000000000e-12 -5.929253166679882e+02 1.155211651285311e+01
6.240000000000001e-12 -5.929259243556486e+02 1.189095544042909e+01
6.248000000000001e-12 -5.929257257498916e+02 1.143120386790055e+01
6.256000000000001e-12 -5.929247609017658e+02 1.026407540697626e+01
6.264000000000001e-12 -5.929234449550569e+02 8.830755279871390e+00
6.272000000000001e-12 -5.929223838247375e+02 7.732698758253016e+00
6.280000000000001e-12 -5.929221020458372e+02 7.451248167034665e+00
6.288000000000001e-12 -5.929227662028309e+02 8.112216179810231e+00
6.296000000000001e-12 -5.929240624954390e+02 9.416423435912499e+00
6.304000000000001e-12 -5.929253604307692e+02 1.077775749767415e+01
6.312000000000001e-12 -5.929260418069471e+02 1.160433503071632e+01
6.320000000000001e-12 -5.929257888219521e+02 1.158295489506394e+01
6.328000000000001e-12 -5.929247632172967e+02 1.082308054025271e+01
6.336000000000000e-12 -5.929235131075851e+02 9.786996323193950e+00
6.344000000000000e-12 -5.929226949531970e+02 9.042405524474828e+00
6.352000000000000e-12 -5.929227042488043e+02 8.966593863496083e+00
6.360000000000000e-12 -5.929235193158005e+02 9.556966491541324e+00
6.368000000000000e-12 -5.929246892981297e+02 1.044458281190714e+01
6.376000000000000e-12 -5.929256002592425e+02 1.109816728915648e+01
6.384000000000000e-12 -5.929257455269321e+02 1.110820356672710e+01
6.392000000000000e-12 -5.929250487530300e+02 1.040521889073138e+01
6.400000000000000e-12 -5.929238303546178e+02 9.305013503694262e+00
6.408000000000000e-12 -5.929226921199220e+02 8.360317808063327e+00
6.416000000000000e-12 -5.929222005853054e+02 8.090808172019186e+00
6.424000000000001e-12 -5.929226246466309e+02 8.721281737801267e+00
6.432000000000001e-12 -5.929238288022140e+02 1.005486582763993e+01
6.440000000000001e-12 -5.929252563920251e+02 1.154504018610673e+01
6.448000000000001e-12 -5.929262682404252e+02 1.253643619332894e+01
6.456000000000001e-12 -5.929263973220516e+02 1.256483272733974e+01
6.464000000000001e-12 -5.929255273803242e+02 1.157837883068136e+01
6.472000000000001e-12 -5.929240445972929e+02 9.975294937164522e+00
6.480000000000001e-12 -5.929226213211803e+02 8.433888481133325e+00
6.488000000000001e-12 -5.929218995253258e+02 7.607045604017379e+00
6.496000000000001e-12 -5.929222224536319e+02 7.822723204149856e+00
6.504000000000001e-12 -5.929233985200319e+02 8.936105602744327e+00
6.512000000000001e-12 -5.929248762420148e+02 1.040732097809888e+01
6.520000000000000e-12 -5.929259443149535e+02 1.156466164459580e+01
6.528000000000000e-12 -5.929261321534196e+02 1.192062265518249e+01
6.536000000000000e-12 -5.929254170905140e+02 1.138626685567035e+01
6.544000000000000e-12 -5.929241979818645e+02 1.028573901883507e+01
6.552000000000000e-12 -5.929230899231860e+02 9.173831814711232e+00
6.560000000000000e-12 -5.929226129818896e+02 8.555016626367586e+00
6.568000000000000e-12 -5.929229491786065e+02 8.646720664291509e+00
6.576000000000000e-12 -5.929238392286137e+02 9.301453163853516e+00
6.584000000000000e-12 -5.929248018907363e+02 1.011635552530037e+01
6.592000000000000e-12 -5.929253193520159e+02 1.066199483741643e+01
6.600000000000000e-12 -5.929251479336915e+02 1.070692483963889e+01
6.608000000000000e-12 -5.929244425141017e+02 1.032394587505170e+01
6.616000000000001e-12 -5.929236190105840e+02 9.828891335736047e+00
6.624000000000001e-12 -5.929231670154855e+02 9.589380485830755e+00
6.632000000000001e-12 -5.929233709668042e+02 9.806593957614405e+00
6.640000000000001e-12 -5.929241468660423e+02 1.038689257610845e+01
6.648000000000001e-12 -5.929250976457718e+02 1.097619936555443e+01
6.656000000000001e-12 -5.929256844956917e+02 1.114634117042529e+01
6.664000000000001e-12 -5.929255141427930e+02 1.063932781670748e+01
6.672000000000001e-12 -5.929245773977372e+02 9.540852964558873e+00
6.680000000000001e-12 -5.929232629155437e+02 8.284849850113888e+00
6.688000000000001e-12 -5.929222098555699e+02 7.472050738371209e+00
6.696000000000001e-12 -5.929219712931909e+02 7.581171939159486e+00
6.704000000000001e-12 -5.929227425477543e+02 8.714994295081098e+00
6.712000000000000e-12 -5.929242206885127e+02 1.051580947111129e+01
6.720000000000000e-12 -5.929257763060300e+02 1.230160591866003e+01
6.728000000000000e-12 -5.929267057824737e+02 1.336172101743118e+01
6.736000000000000e-12 -5.929265919100685e+02 1.327105531122534e+01
6.744000000000000e-12 -5.929255123423809e+02 1.207549876912064e+01
6.752000000000000e-12 -5.929239511961183e+02 1.026604623032925e+01
6.760000000000000e-12 -5.929225894154247e+02 8.558461129234171e+00
6.768000000000000e-12 -5.929219738273116e+02 7.582537709735041e+00
6.776000000000000e-12 -5.929223227381676e+02 7.623090538637189e+00
6.784000000000000e-12 -5.929233895477890e+02 8.526703424278006e+00
6.792000000000000e-12 -5.929246550808183e+02 9.806702326198486e+00
6.800000000000001e-12 -5.929255375686081e+02 1.088540983313691e+01
6.808000000000001e-12 -5.929257164854180e+02 1.135224235693032e+01
6.816000000000001e-12 -5.929251999073656e+02 1.111949955992969e+01
6.824000000000001e-12 -5.929243045310892e+02 1.041746137213503e+01
6.832000000000001e-12 -5.929234956851463e+02 9.648808116413523e+00
6.840000000000001e-12 -5.929231387784832e+02 9.182860410191243e+00
6.848000000000001e-12 -5.929233440135655e+02 9.188429894233316e+00
6.856000000000001e-12 -5.929239395339335e+02 9.578109997964626e+00
6.864000000000001e-12 -5.929245975031724e+02 1.008119062479084e+01
6.872000000000001e-12 -5.929249575524935e+02 1.040125161424629e+01
6.880000000000001e-12 -5.929248509715100e+02 1.037433135490106e+01
6.888000000000001e-12 -5.929243813841888e+02 1.004539068859081e+01
6.896000000000001e-12 -5.929238222540308e+02 9.626694142990374e+00
6.904000000000000e-12 -5.929235023046647e+02 9.367340166285764e+00
6.912000000000000e-12 -5.929235811542453e+02 9.411057214045007e+00
6.920000000000000e-12 -5.929239960272550e+02 9.721651688666190e+00
6.928000000000000e-12 -5.929244929198042e+02 1.011367634268561e+01
6.936000000000000e-12 -5.929247739376843e+02 1.036636606879245e+01
6.944000000000000e-12 -5.929246772917749e+02 1.035423578376856e+01
6.952000000000000e-12 -5.929242592913768e+02 1.012068735045407e+01
6.960000000000000e-12 -5.929237590441254e+02 9.853642870173765e+00
6.968000000000000e-12 -5.929234623883830e+02 9.777218922604357e+00
6.976000000000000e-12 -5.929235699285756e+02 1.002058019239012e+01
6.984000000000001e-12 -5.929240257198026e+02 1.053700339381599e+01
6.992000000000001e-12 -5.929246311452084e+02 1.111667008364648e+01
7.000000000000001e-12 -5.929250886703448e+02 1.148489735323535e+01
7.008000000000001e-12 -5.929251852126569e+02 1.143417639478749e+01
7.016000000000001e-12 -5.929248656297549e+02 1.092455208780055e+01
7.024000000000001e-12 -5.929242756097908e+02 1.010531988194475e+01
7.032000000000001e-12 -5.929236697834327e+02 9.249285068978857e+00
7.040000000000001e-12 -5.929233211838734e+02 8.632786920777248e+00
7.048000000000001e-12 -5.929233324716979e+02 8.420033605483187e+00
7.056000000000001e-12 -5.929236744364355e+02 8.605300847682676e+00
7.064000000000001e-12 -5.929241494203670e+02 9.036237719043880e+00
7.072000000000001e-12 -5.929245153592565e+02 9.500825736443089e+00
7.080000000000001e-12 -5.929246348111673e+02 9.830432876271729e+00
7.088000000000000e-12 -5.929244825593329e+02 9.967881399571505e+00
7.096000000000000e-12 -5.929242042503200e+02 9.971525346067097e+00
7.104000000000000e-12 -5.929239716732436e+02 9.961051882009800e+00
7.112000000000000e-12 -5.929239107480481e+02 1.004020257411599e+01
7.120000000000000e-12 -5.929240228613700e+02 1.024042335576489e+01
7.128000000000000e-12 -5.929242267387190e+02 1.051336109086325e+01
7.136000000000000e-12 -5.929243958664212e+02 1.076876262183298e+01
7.144000000000000e-12 -5.929244663072833e+02 1.092769905117175e+01
7.152000000000000e-12 -5.929244487783637e+02 1.095633210710741e+01
7.160000000000000e-12 -5.929243895388004e+02 1.086390647097618e+01
7.168000000000000e-12 -5.929243534498968e+02 1.067534820363466e+01
7.176000000000001e-12 -5.929243635982540e+02 1.040474149882088e+01
7.184000000000001e-12 -5.929243463955144e+02 1.005245689592957e+01
7.192000000000001e-12 -5.929242406586120e+02 9.629386777827843e+00
7.200000000000001e-12 -5.929240099648410e+02 9.189343184414685e+00
7.208000000000001e-12 -5.929237180071688e+02 8.840157654779500e+00
7.216000000000001e-12 -5.929235215239564e+02 8.713722023496549e+00
7.224000000000001e-12 -5.929235345708537e+02 8.901733462234901e+00
7.232000000000001e-12 -5.929238373079538e+02 9.390974479069774e+00
7.240000000000001e-12 -5.929243250162872e+02 1.004035138153278e+01
7.248000000000001e-12 -5.929248038549895e+02 1.062308332629055e+01
7.256000000000001e-12 -5.929250473093820e+02 1.092109875819984e+01
7.264000000000001e-12 -5.929249070420544e+02 1.082704500128990e+01
7.272000000000001e-12 -5.929244487697375e+02 1.040130016292455e+01
7.280000000000001e-12 -5.929238676745481e+02 9.851689556511833e+00
7.288000000000000e-12 -5.929234467557119e+02 9.441576301729706e+00
7.296000000000001e-12 -5.929233573065280e+02 9.368415661235595e+00
7.304000000000000e-12 -5.929236660500286e+02 9.671074320498333e+00
7.312000000000001e-12 -5.929242080392044e+02 1.021131358341824e+01
7.320000000000000e-12 -5.929247340309555e+02 1.073932490683475e+01
7.328000000000001e-12 -5.929249958200469e+02 1.101225151679437e+01
7.336000000000000e-12 -5.929248639345146e+02 1.090903894891542e+01
7.344000000000001e-12 -5.929244115978706e+02 1.048664135462937e+01
7.352000000000000e-12 -5.929238603976032e+02 9.949888236375237e+00
7.360000000000001e-12 -5.929234887260078e+02 9.548423407618946e+00
7.368000000000000e-12 -5.929234864320343e+02 9.450570263232894e+00
7.376000000000001e-12 -5.929238538611394e+02 9.657696380478434e+00
7.384000000000000e-12 -5.929243964608444e+02 1.000436168591277e+01
7.392000000000001e-12 -5.929248218434810e+02 1.024638865279333e+01
7.400000000000000e-12 -5.929248902664958e+02 1.019298179532147e+01
7.408000000000001e-12 -5.929245410453102e+02 9.814924930630333e+00
7.416000000000000e-12 -5.929239302643813e+02 9.271661737806172e+00
7.424000000000001e-12 -5.929233654498524e+02 8.840284555451897e+00
7.432000000000000e-12 -5.929231378947162e+02 8.779150031384276e+00
7.440000000000001e-12 -5.929233822539654e+02 9.193229054987929e+00
7.448000000000001e-12 -5.929240265056289e+02 9.969057621510695e+00
7.456000000000001e-12 -5.929247747182628e+02 1.081324962931670e+01
7.464000000000001e-12 -5.929253184397064e+02 1.137781384500978e+01
7.472000000000000e-12 -5.929253964913962e+02 1.141437133346875e+01
7.480000000000001e-12 -5.929249589805289e+02 1.088774838270605e+01
7.488000000000000e-12 -5.929241743756588e+02 9.999217735909157e+00
7.496000000000001e-12 -5.929233664173767e+02 9.109454759336638e+00
7.504000000000000e-12 -5.929228504872542e+02 8.593561990925568e+00
7.512000000000001e-12 -5.929228508352021e+02 8.688328765855568e+00
7.520000000000000e-12 -5.929233664104512e+02 9.394211726968322e+00
7.528000000000001e-12 -5.929242237962151e+02 1.047076712431236e+01
7.536000000000000e-12 -5.929250874319948e+02 1.152545626678078e+01
7.544000000000001e-12 -5.929256452699002e+02 1.215947974774894e+01
7.552000000000000e-12 -5.929256994554958e+02 1.211496726033997e+01
7.560000000000001e-12 -5.929252094963905e+02 1.137041130267835e+01
7.568000000000000e-12 -5.929243473992882e+02 1.015138465816374e+01
7.576000000000001e-12 -5.929234259856172e+02 8.853003752671610e+00
7.584000000000000e-12 -5.929227859514818e+02 7.900981278579790e+00
7.592000000000001e-12 -5.929226072629738e+02 7.600799147480370e+00
7.600000000000000e-12 -5.929229910119628e+02 8.030695874914615e+00
7.608000000000001e-12 -5.929237526531078e+02 9.017999185285150e+00
7.616000000000000e-12 -5.929246244217527e+02 1.020746224873746e+01
7.624000000000001e-12 -5.929252785148626e+02 1.119487845415815e+01
7.632000000000000e-12 -5.929254970287542e+02 1.167354868797073e+01
7.640000000000001e-12 -5.929252342031668e+02 1.153767682719590e+01
7.648000000000001e-12 -5.929246352149530e+02 1.090630784996229e+01
7.656000000000000e-12 -5.929239199623701e+02 1.006328093510186e+01
7.664000000000001e-12 -5.929233758539582e+02 9.340006610629112e+00
7.672000000000000e-12 -5.929232062094718e+02 8.987646993230454e+00
7.680000000000001e-12 -5.929234429365770e+02 9.087486898172047e+00
7.688000000000000e-12 -5.929239399922213e+02 9.532881918536054e+00
7.696000000000001e-12 -5.929245056695611e+02 1.008717924917897e+01
7.704000000000000e-12 -5.929248706481228e+02 1.049201144667053e+01
7.712000000000001e-12 -5.929248841447303e+02 1.058015355443790e+01
7.720000000000000e-12 -5.929245616959771e+02 1.034463752881056e+01
7.728000000000001e-12 -5.929240568996635e+02 9.934581758681835e+00
7.736000000000000e-12 -5.929236197824795e+02 9.580109356804289e+00
7.744000000000001e-12 -5.929234779740726e+02 9.480167451546112e+00
7.752000000000000e-12 -5.929236759534831e+02 9.704572025498113e+00
7.760000000000001e-12 -5.929241579678928e+02 1.015689940109128e+01
7.768000000000000e-12 -5.929246790080504e+02 1.061785772747559e+01
7.776000000000001e-12 -5.929249711261349e+02 1.085086961085278e+01
7.784000000000000e-12 -5.929248936439095e+02 1.071965577675366e+01
7.792000000000001e-12 -5.929244718674869e+02 1.025930056561330e+01
7.800000000000000e-12 -5.929238998707173e+02 9.664283349934516e+00
7.808000000000001e-12 -5.929234466710600e+02 9.197773218530257e+00
7.816000000000000e-12 -5.929233300566998e+02 9.065680024686861e+00
7.824000000000001e-12 -5.929236164315724e+02 9.316871430476962e+00
7.832000000000001e-12 -5.929241810357768e+02 9.818872163374758e+00
7.840000000000001e-12 -5.929247254473455e+02 1.032222377305636e+01
7.848000000000001e-12 -5.929249747018563e+02 1.058362169103210e+01
7.856000000000000e-12 -5.929248036693114e+02 1.048838858983491e+01
7.864000000000001e-12 -5.929242936427719e+02 1.011147993809106e+01
7.872000000000000e-12 -5.929236958961358e+02 9.684560284891910e+00
7.880000000000001e-12 -5.929233067016675e+02 9.481757059110773e+00
7.888000000000000e-12 -5.929233529164990e+02 9.677350373542193e+00
7.896000000000001e-12 -5.929238523588455e+02 1.024519613511393e+01
7.904000000000000e-12 -5.929246010456816e+02 1.095288986734007e+01
7.912000000000001e-12 -5.929252485257193e+02 1.145947289598363e+01
7.920000000000000e-12 -5.929254565960308e+02 1.147413721765600e+01
7.928000000000001e-12 -5.929251137519013e+02 1.090075813147461e+01
7.936000000000000e-12 -5.929243404807905e+02 9.896977443738589e+00
7.944000000000001e-12 -5.929234654283449e+02 8.816509376326771e+00
7.952000000000000e-12 -5.929228646873451e+02 8.059905741949295e+00
7.960000000000001e-12 -5.929228011693141e+02 7.903280887968393e+00
7.968000000000000e-12 -5.929232743447787e+02 8.383640316477289e+00
7.976000000000001e-12 -5.929240501495459e+02 9.290348201859727e+00
7.984000000000000e-12 -5.929248375835488e+02 1.026226635328452e+01
7.992000000000001e-12 -5.929252677507357e+02 1.094435422506047e+01
8.000000000000000e-12 -5.929252098538226e+02 1.113463845408722e+01
8.008000000000001e-12 -5.929247226726966e+02 1.085836408023774e+01
8.016000000000001e-12 -5.929240373017672e+02 1.033880881745152e+01
8.024000000000001e-12 -5.929235159201755e+02 9.880586556663236e+00
8.032000000000001e-12 -5.929233867875688e+02 9.720653442676401e+00
8.040000000000000e-12 -5.929236910126788e+02 9.917371692748075e+00
8.048000000000001e-12 -5.929242675098199e+02 1.033020863976749e+01
8.056000000000000e-12 -5.929248063535791e+02 1.069834873361759e+01
8.064000000000001e-12 -5.929250237017626e+02 1.077839683450257e+01
8.072000000000000e-12 -5.929247948856165e+02 1.047311828089396e+01
8.080000000000001e-12 -5.929242257809912e+02 9.887675382237660e+00
8.088000000000000e-12 -5.929235886588215e+02 9.284695664511730e+00
8.096000000000001e-12 -5.929231914837949e+02 8.958661899408359e+00
8.104000000000000e-12 -5.929232458425530e+02 9.090578979375788e+00
8.112000000000001e-12 -5.929237366751472e+02 9.654800918544403e+00
8.120000000000000e-12 -5.929244507374026e+02 1.042488387023105e+01
8.128000000000001e-12 -5.929250388591571e+02 1.107610336311300e+01
8.136000000000000e-12 -5.929252570702405e+02 1.133426944718747e+01
8.144000000000001e-12 -5.929250030357905e+02 1.109923880907107e+01
8.152000000000000e-12 -5.929244079753478e+02 1.048558771044136e+01
8.160000000000001e-12 -5.929237569167145e+02 9.763244217746164e+00
8.168000000000000e-12 -5.929233567989015e+02 9.228159924159723e+00
8.176000000000001e-12 -5.929233704889224e+02 9.065756040485482e+00
8.184000000000000e-12 -5.929237603078377e+02 9.272868343922280e+00
8.192000000000001e-12 -5.929243070477185e+02 9.674462801235428e+00
8.200000000000001e-12 -5.929247420386303e+02 1.002308139046855e+01
8.208000000000001e-12 -5.929248286361695e+02 1.012722332633035e+01
8.216000000000001e-12 -5.929245697321139e+02 9.942639268546538e+00
8.224000000000001e-12 -5.929241026012751e+02 9.583418218782684e+00
8.232000000000001e-12 -5.929237064914480e+02 9.253213502492910e+00
8.240000000000000e-12 -5.929235453001540e+02 9.136890417893786e+00
8.248000000000001e-12 -5.929236890130951e+02 9.309633069750705e+00
8.256000000000000e-12 -5.929240483851576e+02 9.707530083346750e+00
8.264000000000001e-12 -5.929244177625852e+02 1.016960756154055e+01
8.272000000000000e-12 -5.929246318025125e+02 1.052417687108612e+01
8.280000000000001e-12 -5.929245936716034e+02 1.067208936324388e+01
8.288000000000000e-12 -5.929243675071078e+02 1.062590852535464e+01
8.296000000000001e-12 -5.929240721374290e+02 1.049036175764058e+01
8.304000000000000e-12 -5.929238745341236e+02 1.039916289699170e+01
8.312000000000001e-12 -5.929238805832736e+02 1.044170616227959e+01
8.320000000000000e-12 -5.929240836485932e+02 1.061572362987456e+01
8.328000000000001e-12 -5.929243726011097e+02 1.082887875248396e+01
8.336000000000000e-12 -5.929246162087484e+02 1.094709307360992e+01
8.344000000000001e-12 -5.929246727667168e+02 1.086340222151598e+01
8.352000000000000e-12 -5.929245442326912e+02 1.055125644076460e+01
8.360000000000001e-12 -5.929242809357007e+02 1.007563425548831e+01
8.368000000000000e-12 -5.929240150506432e+02 9.559904103059843e+00
8.376000000000001e-12 -5.929238502503895e+02 9.128229452858857e+00
8.384000000000001e-12 -5.929238521620905e+02 8.853314172099513e+00
8.392000000000001e-12 -5.929239609890323e+02 8.736760131859810e+00
8.400000000000001e-12 -5.929240672459906e+02 8.731974216101017e+00
8.408000000000001e-12 -5.929240524744447e+02 8.794117303923398e+00
8.416000000000001e-12 -5.929239347778670e+02 8.924312348159477e+00
8.424000000000000e-12 -5.929237592196977e+02 9.177822166691703e+00
8.432000000000001e-12 -5.929236976777629e+02 9.625821978524627e+00
8.440000000000000e-12 -5.929238739335282e+02 1.028892026199883e+01
8.448000000000001e-12 -5.929242834837986e+02 1.108168479867166e+01
8.456000000000000e-12 -5.929248354351232e+02 1.180630723973107e+01
8.464000000000001e-12 -5.929252883408761e+02 1.221046780905660e+01
8.472000000000000e-12 -5.929254242529985e+02 1.209029272102874e+01
8.480000000000001e-12 -5.929251201447439e+02 1.139179352436005e+01
8.488000000000000e-12 -5.929244557570606e+02 1.025983206340512e+01
8.496000000000001e-12 -5.929236586129297e+02 9.005985642826502e+00
8.504000000000000e-12 -5.929230208964819e+02 8.004705216452537e+00
8.512000000000001e-12 -5.929227456407104e+02 7.560727993850518e+00
8.520000000000000e-12 -5.929229409137189e+02 7.801408653461793e+00
8.528000000000001e-12 -5.929235197347941e+02 8.635149544322084e+00
8.536000000000000e-12 -5.929242626245781e+02 9.790784900036360e+00
8.544000000000001e-12 -5.929249022952698e+02 1.091853421468785e+01
8.552000000000000e-12 -5.929252747292768e+02 1.170900572855338e+01
8.560000000000001e-12 -5.929252857829840e+02 1.198500875905674e+01
8.568000000000001e-12 -5.929249886222375e+02 1.173719528977955e+01
8.576000000000001e-12 -5.929245166120040e+02 1.110133958777159e+01
8.584000000000001e-12 -5.929240306697486e+02 1.029711259461533e+01
8.592000000000001e-12 -5.929236536751739e+02 9.555199037873860e+00
8.600000000000001e-12 -5.929234748170046e+02 9.054540432887093e+00
8.608000000000000e-12 -5.929235168982373e+02 8.882525132969645e+00
8.616000000000001e-12 -5.929237347009001e+02 9.024985469641900e+00
8.624000000000000e-12 -5.929240436233935e+02 9.385395871609921e+00
8.632000000000001e-12 -5.929243237336392e+02 9.823876287954278e+00
8.640000000000000e-12 -5.929245136463691e+02 1.020395374468535e+01
8.648000000000001e-12 -5.929245555040019e+02 1.043459171172703e+01
8.656000000000000e-12 -5.929244515904512e+02 1.049400085879778e+01
8.664000000000001e-12 -5.929242582930740e+02 1.042485586552539e+01
8.672000000000000e-12 -5.929241118166007e+02 1.030311890330385e+01
8.680000000000001e-12 -5.929240374813608e+02 1.019840559447046e+01
8.688000000000000e-12 -5.929240651436456e+02 1.014480551139629e+01
8.696000000000001e-12 -5.929241564961791e+02 1.013163802684114e+01
8.704000000000000e-12 -5.929242839764964e+02 1.011420390260890e+01
8.712000000000001e-12 -5.929243778140572e+02 1.003685454530975e+01
8.720000000000000e-12 -5.929243909683499e+02 9.859662376501301e+00
8.728000000000001e-12 -5.929242758254594e+02 9.581902827352762e+00
8.736000000000000e-12 -5.929240684848628e+02 9.255911165278471e+00
8.744000000000001e-12 -5.929237981930185e+02 8.983791064316932e+00
8.752000000000001e-12 -5.929235698846682e+02 8.891375933930913e+00
8.760000000000001e-12 -5.929235140787970e+02 9.080336419127375e+00
8.768000000000001e-12 -5.929237060155357e+02 9.572363961556752e+00
8.776000000000001e-12 -5.929241414619059e+02 1.027251969838988e+01
8.784000000000001e-12 -5.929246817103088e+02 1.097893053924358e+01
8.792000000000001e-12 -5.929250932245965e+02 1.144786497896469e+01
8.800000000000001e-12 -5.929251989943524e+02 1.149266536002463e+01
8.808000000000000e-12 -5.929249061428606e+02 1.107143117996775e+01
8.816000000000001e-12 -5.929243162471899e+02 1.031841010328366e+01
8.824000000000000e-12 -5.929236733303643e+02 9.499436182505878e+00
8.832000000000001e-12 -5.929232151232934e+02 8.909140283845563e+00
8.840000000000000e-12 -5.929231350054577e+02 8.755468076543576e+00
8.848000000000001e-12 -5.929234153122509e+02 9.081711674531869e+00
8.856000000000000e-12 -5.929239471525635e+02 9.757610448160138e+00
8.864000000000001e-12 -5.929245068940226e+02 1.053909607552880e+01
8.872000000000000e-12 -5.929248890329400e+02 1.116687630323674e+01
8.880000000000001e-12 -5.929249975934698e+02 1.145928317073415e+01
8.888000000000000e-12 -5.929248383893020e+02 1.136317229177085e+01
8.896000000000001e-12 -5.929245169841873e+02 1.094981961102754e+01
8.904000000000000e-12 -5.929241804065107e+02 1.036717967428086e+01
8.912000000000001e-12 -5.929239319681681e+02 9.775013423806543e+00
8.920000000000000e-12 -5.929238558431771e+02 9.291050282442940e+00
8.928000000000001e-12 -5.929238726739394e+02 8.967128184429441e+00
8.936000000000000e-12 -5.929239466856133e+02 8.799171215234580e+00
8.944000000000001e-12 -5.929239913046711e+02 8.758889901776495e+00
8.952000000000001e-12 -5.929239892377852e+02 8.826347834247022e+00
8.960000000000001e-12 -5.929239317887249e+02 9.004358039362900e+00
8.968000000000001e-12 -5.929239064922290e+02 9.306927882126265e+00
8.976000000000001e-12 -5.929239997077669e+02 9.730459799775891e+00
8.984000000000001e-12 -5.929241975346836e+02 1.022820635930381e+01
8.992000000000000e-12 -5.929244336049730e+02 1.070754493936003e+01
9.000000000000001e-12 -5.929246272243536e+02 1.105625169530540e+01
9.008000000000000e-12 -5.929246866693790e+02 1.118609049789698e+01
9.016000000000001e-12 -5.929245864357822e+02 1.107056720401266e+01
9.024000000000000e-12 -5.929243792567152e+02 1.075622764490138e+01
9.032000000000001e-12 -5.929241412979305e+02 1.034190579809459e+01
9.040000000000000e-12 -5.929239656890696e+02 9.938046674060374e+00
9.048000000000001e-12 -5.929238846231544e+02 9.627756300293816e+00
9.056000000000000e-12 -5.929238960758219e+02 9.448009921306829e+00
9.064000000000001e-12 -5.929239388271884e+02 9.396651843265987e+00
9.072000000000000e-12 -5.929239621617651e+02 9.456098047763057e+00
9.080000000000001e-12 -5.929239571312523e+02 9.615384302733103e+00
9.088000000000000e-12 -5.929239665338315e+02 9.873702654588207e+00
9.096000000000001e-12 -5.929240552037768e+02 1.022149520264977e+01
9.104000000000000e-12 -5.929242574796411e+02 1.061247687031000e+01
9.112000000000001e-12 -5.929245367557786e+02 1.094974202237619e+01
9.120000000000000e-12 -5.929247849283802e+02 1.110374711143876e+01
9.128000000000001e-12 -5.929248731055577e+02 1.096212190527980e+01
9.136000000000001e-12 -5.929247014923475e+02 1.049099278734938e+01
9.144000000000001e-12 -5.929242789948969e+02 9.775963181774562e+00
9.152000000000001e-12 -5.929237446137865e+02 9.015418444810466e+00
9.160000000000001e-12 -5.929233171784099e+02 8.459092544151220e+00
9.168000000000001e-12 -5.929231509148254e+02 8.312776542705608e+00
9.176000000000000e-12 -5.929233661555487e+02 8.649122681622540e+00
9.184000000000001e-12 -5.929238924029063e+02 9.366023772140123e+00
9.192000000000000e-12 -5.929245398683998e+02 1.021741341564764e+01
9.200000000000001e-12 -5.929250018839207e+02 1.090914811800311e+01
9.208000000000000e-12 -5.929251282162862e+02 1.121982683967877e+01
9.216000000000001e-12 -5.929248702998906e+02 1.109063591942472e+01
9.224000000000000e-12 -5.929243792823092e+02 1.063995009968270e+01
9.232000000000001e-12 -5.929238932220354e+02 1.009589778303832e+01
9.240000000000000e-12 -5.929236365183875e+02 9.683706102156471e+00
9.248000000000001e-12 -5.929236641668947e+02 9.526875852565137e+00
9.256000000000000e-12 -5.929239325039149e+02 9.609652176250203e+00
9.264000000000001e-12 -5.929242393498371e+02 9.812710200599065e+00
9.272000000000000e-12 -5.929244152084524e+02 9.994487213328885e+00
9.280000000000001e-12 -5.929243905234867e+02 1.007002302103385e+01
9.288000000000000e-12 -5.929242092987876e+02 1.004696812062921e+01
9.296000000000001e-12 -5.929240057691530e+02 1.000439331706515e+01
9.304000000000000e-12 -5.929239252347239e+02 1.003134545706001e+01
9.312000000000001e-12 -5.929240329105139e+02 1.016285430131756e+01
9.320000000000001e-12 -5.929242809783532e+02 1.035019076089976e+01
9.328000000000001e-12 -5.929245341648173e+02 1.048199408533990e+01
9.336000000000001e-12 -5.929246395140084e+02 1.044542991988689e+01
9.344000000000001e-12 -5.929244991437425e+02 1.019571857706742e+01
9.352000000000001e-12 -5.929241536798442e+02 9.796864951219266e+00
9.360000000000001e-12 -5.929237443870772e+02 9.408103708989680e+00
9.368000000000001e-12 -5.929234917565434e+02 9.215768327415947e+00
9.376000000000000e-12 -5.929235426388133e+02 9.339018598714938e+00
9.384000000000001e-12 -5.929239245085781e+02 9.756374978069042e+00
9.392000000000000e-12 -5.929244861282071e+02 1.029523058897503e+01
9.400000000000001e-12 -5.929249674045874e+02 1.069871008307418e+01
9.408000000000000e-12 -5.929251125540083e+02 1.074525061153181e+01
9.416000000000001e-12 -5.929248167167428e+02 1.036537432673666e+01
9.424000000000000e-12 -5.929241609725452e+02 9.696077011173211e+00
9.432000000000001e-12 -5.929234196574943e+02 9.038771017537622e+00
9.440000000000000e-12 -5.929229606693922e+02 8.731174678001388e+00
9.448000000000001e-12 -5.929229920218094e+02 8.988447552634407e+00
9.456000000000000e-12 -5.929235691919644e+02 9.789310261985333e+00
9.464000000000001e-12 -5.929244752610450e+02 1.086514912441417e+01
9.472000000000000e-12 -5.929253129342993e+02 1.180209467611565e+01
9.480000000000001e-12 -5.929257451863278e+02 1.221226615260541e+01
9.488000000000000e-12 -5.929255727092503e+02 1.189843570358839e+01
9.496000000000001e-12 -5.929248556180056e+02 1.094073873017608e+01
9.504000000000002e-12 -5.929239008847287e+02 9.668620151401939e+00
9.512000000000001e-12 -5.929230675562809e+02 8.528728113724720e+00
9.520000000000001e-12 -5.929227068033945e+02 7.903539636730714e+00
9.528000000000001e-12 -5.929229432142237e+02 7.959410814762632e+00
9.536000000000001e-12 -5.929236207938498e+02 8.591598588442331e+00
9.544000000000001e-12 -5.929244204107023e+02 9.487937457059994e+00
9.552000000000001e-12 -5.929250224282973e+02 1.027663469961043e+01
9.560000000000000e-12 -5.929251618918216e+02 1.068696568663034e+01
9.568000000000001e-12 -5.929248436833401e+02 1.065146461055074e+01
9.576000000000000e-12 -5.929242523587586e+02 1.031048080058489e+01
9.584000000000001e-12 -5.929237041751691e+02 9.925613776594297e+00
9.592000000000000e-12 -5.929234556523576e+02 9.746886920375317e+00
9.600000000000001e-12 -5.929235870442967e+02 9.895184226345087e+00
9.608000000000000e-12 -5.929240314370692e+02 1.031168307803282e+01
9.616000000000001e-12 -5.929245691007299e+02 1.079404476155189e+01
9.624000000000000e-12 -5.929249233959717e+02 1.109941066652702e+01
9.632000000000001e-12 -5.929249365694183e+02 1.106388999888544e+01
9.640000000000000e-12 -5.929245983991532e+02 1.068074504494923e+01
9.648000000000001e-12 -5.929240860473260e+02 1.010070461100706e+01
9.656000000000000e-12 -5.929236495642793e+02 9.556258959337924e+00
9.664000000000001e-12 -5.929234789607686e+02 9.249812563561077e+00
9.672000000000000e-12 -5.929236244689697e+02 9.263587038097288e+00
9.680000000000001e-12 -5.929239717451949e+02 9.535738023233778e+00
9.688000000000002e-12 -5.929243372641066e+02 9.908785033725355e+00
9.696000000000001e-12 -5.929245764289573e+02 1.021619189941858e+01
9.704000000000001e-12 -5.929245994951017e+02 1.035565596204426e+01
9.712000000000001e-12 -5.929244849152325e+02 1.031331874074974e+01
9.720000000000001e-12 -5.929243541612467e+02 1.013705691579828e+01
9.728000000000001e-12 -5.929242582452225e+02 9.888591038999769e+00
9.736000000000001e-12 -5.929241941950537e+02 9.612799988772244e+00
9.744000000000000e-12 -5.929241029563592e+02 9.341506643594721e+00
9.752000000000001e-12 -5.929239359517341e+02 9.118971410253156e+00
9.760000000000000e-12 -5.929237253787567e+02 9.020084640918739e+00
9.768000000000001e-12 -5.929235792327557e+02 9.136770039306247e+00
9.776000000000000e-12 -5.929236108179824e+02 9.531343924258380e+00
9.784000000000001e-12 -5.929239073555262e+02 1.018122397149886e+01
9.792000000000000e-12 -5.929243975940010e+02 1.095015128200130e+01
9.800000000000001e-12 -5.929249222172962e+02 1.161114406811120e+01
9.808000000000000e-12 -5.929252743058564e+02 1.192115331395921e+01
9.816000000000001e-12 -5.929252671562552e+02 1.172105929754772e+01
9.824000000000000e-12 -5.929248480326248e+02 1.101827001612665e+01
9.832000000000001e-12 -5.929241474318369e+02 1.000944917907385e+01
9.840000000000000e-12 -5.929234269122530e+02 9.022183900187363e+00
9.848000000000001e-12 -5.929229799640008e+02 8.390694451147805e+00
9.856000000000000e-12 -5.929230215491830e+02 8.315874770915324e+00
9.864000000000001e-12 -5.929235348234974e+02 8.775236374510648e+00
9.872000000000002e-12 -5.929242918258841e+02 9.530672722837513e+00
9.880000000000001e-12 -5.929249301195789e+02 1.023689371723501e+01
9.888000000000001e-12 -5.929251465607518e+02 1.060293689341897e+01
9.896000000000001e-12 -5.929248434126656e+02 1.052950467050539e+01
9.904000000000001e-12 -5.929241930643174e+02 1.015258368438298e+01
9.912000000000001e-12 -5.929235400702222e+02 9.767505254226617e+00
9.920000000000001e-12 -5.929232625320086e+02 9.667796631398716e+00
9.928000000000001e-12 -5.929235297118705e+02 9.979732411432263e+00
9.936000000000001e-12 -5.929242396130143e+02 1.058022880852615e+01
9.944000000000000e-12 -5.929250462697884e+02 1.114579852757291e+01
9.952000000000001e-12 -5.929255146680534e+02 1.131347689211109e+01
9.960000000000000e-12 -5.929253708001986e+02 1.087577063520749e+01
9.968000000000001e-12 -5.929245871405882e+02 9.911364622805975e+00
9.976000000000000e-12 -5.929235017587598e+02 8.780900905855699e+00
9.984000000000001e-12 -5.929226098529055e+02 7.979830315766270e+00
9.992000000000000e-12 -5.929223470612719e+02 7.911601348202917e+00
