0.000000000000000e+00 -4.407892319112011e+02 2.046701479956125e+02
8.000000000000001e-15 -4.407900025659813e+02 2.075423107952697e+02
1.600000000000000e-14 -4.407901447057280e+02 2.093472608323987e+02
2.400000000000000e-14 -4.407910200699500e+02 2.096380321610206e+02
3.200000000000000e-14 -4.407906404296212e+02 2.080015673498528e+02
4.000000000000001e-14 -4.407873662384497e+02 2.046799535349316e+02
4.800000000000000e-14 -4.407836215954716e+02 2.009878531950142e+02
5.600000000000000e-14 -4.407828346309844e+02 1.984031167692434e+02
6.400000000000000e-14 -4.407827196313618e+02 1.976746795433223e+02
7.200000000000001e-14 -4.407845349552283e+02 1.987899939508252e+02
8.000000000000001e-14 -4.407870581383543e+02 2.010327011295916e+02
8.800000000000000e-14 -4.407895021829714e+02 2.032829103366309e+02
9.600000000000001e-14 -4.407915348237701e+02 2.044794961656622e+02
1.040000000000000e-13 -4.407903588116973e+02 2.040561976073800e+02
1.120000000000000e-13 -4.407888686166780e+02 2.023339077154455e+02
1.200000000000000e-13 -4.407885266917652e+02 1.999992541402237e+02
1.280000000000000e-13 -4.407872659315564e+02 1.975337135098835e+02
1.360000000000000e-13 -4.407855439950266e+02 1.956093821950471e+02
1.440000000000000e-13 -4.407852195814786e+02 1.949651315945007e+02
1.520000000000000e-13 -4.407855597312364e+02 1.958202281825116e+02
1.600000000000000e-13 -4.407866178270176e+02 1.978889271258435e+02
1.680000000000000e-13 -4.407878578730595e+02 2.005998589363952e+02
1.760000000000000e-13 -4.407904272823412e+02 2.031083540088347e+02
1.840000000000000e-13 -4.407923447468281e+02 2.042942164194179e+02
1.920000000000000e-13 -4.407918125833756e+02 2.033931202417485e+02
2.000000000000000e-13 -4.407884454318903e+02 2.006898222341423e+02
2.080000000000000e-13 -4.407844822704041e+02 1.975311352289842e+02
2.160000000000000e-13 -4.407822986765525e+02 1.955054491402872e+02
2.240000000000000e-13 -4.407827515137993e+02 1.955287670039806e+02
2.320000000000000e-13 -4.407843001175021e+02 1.975465518391477e+02
2.400000000000000e-13 -4.407866260330353e+02 2.008165374326177e+02
2.480000000000000e-13 -4.407893267637816e+02 2.041850876115558e+02
2.560000000000000e-13 -4.407912828463717e+02 2.063406365227406e+02
2.640000000000000e-13 -4.407911371025808e+02 2.064159944937367e+02
2.720000000000000e-13 -4.407892456446906e+02 2.044196402130067e+02
2.800000000000000e-13 -4.407862523568963e+02 2.012259412414296e+02
2.880000000000000e-13 -4.407840282437355e+02 1.981346784590691e+02
2.960000000000000e-13 -4.407824442382365e+02 1.963286940021366e+02
3.040000000000000e-13 -4.407846474579595e+02 1.962558199891399e+02
3.120000000000000e-13 -4.407875286354002e+02 1.972461061974623e+02
3.200000000000001e-13 -4.407884443811272e+02 1.982377697559298e+02
3.280000000000000e-13 -4.407855856418550e+02 1.990323289224175e+02
3.360000000000000e-13 -4.407822704473004e+02 2.007428781748522e+02
3.440000000000000e-13 -4.407842779447680e+02 2.043902203014436e+02
3.520000000000000e-13 -4.407889630814499e+02 2.092799993589887e+02
3.600000000000000e-13 -4.407944711026186e+02 2.132300782115254e+02
3.680000000000000e-13 -4.407977246918131e+02 2.137851371352189e+02
3.760000000000000e-13 -4.407953481528406e+02 2.097945363566961e+02
3.840000000000000e-13 -4.407880549793189e+02 2.026516220143720e+02
3.920000000000000e-13 -4.407828542887986e+02 1.954818518328042e+02
4.000000000000000e-13 -4.407810330402386e+02 1.908809901449154e+02
4.080000000000000e-13 -4.407815896093997e+02 1.899055367033446e+02
4.160000000000000e-13 -4.407851611741188e+02 1.922135173228913e+02
4.240000000000000e-13 -4.407899648735590e+02 1.962863728761292e+02
4.320000000000000e-13 -4.407938584910884e+02 2.000500811101804e+02
4.400000000000000e-13 -4.407952607982299e+02 2.017531663312575e+02
4.480000000000000e-13 -4.407924369357364e+02 2.008325213187539e+02
4.560000000000001e-13 -4.407878036838095e+02 1.982615731418569e+02
4.640000000000000e-13 -4.407838522364485e+02 1.958952711713390e+02
4.720000000000000e-13 -4.407828574565957e+02 1.953648217510070e+02
4.800000000000001e-13 -4.407849728548310e+02 1.971245736650675e+02
4.880000000000000e-13 -4.407877345841146e+02 2.003465858010137e+02
4.960000000000000e-13 -4.407886390869233e+02 2.038485501163125e+02
5.040000000000001e-13 -4.407906151302578e+02 2.067715112042513e+02
5.120000000000000e-13 -4.407932198824974e+02 2.082165546523087e+02
5.200000000000000e-13 -4.407962093795259e+02 2.069902105661189e+02
5.280000000000001e-13 -4.407946575215078e+02 2.023377810146806e+02
5.360000000000000e-13 -4.407877490024435e+02 1.953790870466314e+02
5.440000000000000e-13 -4.407809560687048e+02 1.892073927016991e+02
5.520000000000001e-13 -4.407790853134849e+02 1.868581738002039e+02
5.600000000000000e-13 -4.407815271918372e+02 1.894382315142670e+02
5.680000000000000e-13 -4.407865082155951e+02 1.959341906603250e+02
5.760000000000001e-13 -4.407923613414531e+02 2.039217777657535e+02
5.840000000000000e-13 -4.407959095624921e+02 2.105881252083991e+02
5.920000000000000e-13 -4.407962010828947e+02 2.139966800650346e+02
6.000000000000001e-13 -4.407962747876726e+02 2.134381864147107e+02
6.080000000000000e-13 -4.407933583244976e+02 2.090812138734234e+02
6.160000000000000e-13 -4.407872642871775e+02 2.023505252107241e+02
6.240000000000001e-13 -4.407826389378694e+02 1.957724975170238e+02
6.320000000000000e-13 -4.407807421983441e+02 1.915290016139468e+02
6.400000000000001e-13 -4.407822348331647e+02 1.903991651630620e+02
6.480000000000001e-13 -4.407850614535431e+02 1.917650082749924e+02
6.560000000000000e-13 -4.407878542170273e+02 1.942904102611756e+02
6.640000000000001e-13 -4.407892665035068e+02 1.967403866441849e+02
6.720000000000001e-13 -4.407890834011226e+02 1.985037829320011e+02
6.800000000000000e-13 -4.407866018782288e+02 1.998307428725741e+02
6.880000000000001e-13 -4.407847632348173e+02 2.016876984090548e+02
6.960000000000001e-13 -4.407860873493490e+02 2.048270800917844e+02
7.040000000000000e-13 -4.407904167808982e+02 2.087773548957716e+02
7.120000000000001e-13 -4.407946827952841e+02 2.118181279878869e+02
7.200000000000001e-13 -4.407963830648554e+02 2.120420940705579e+02
7.280000000000000e-13 -4.407944885223128e+02 2.086340850358420e+02
7.360000000000001e-13 -4.407897789386256e+02 2.025152777083608e+02
7.440000000000001e-13 -4.407849300222529e+02 1.959614768060417e+02
7.520000000000000e-13 -4.407822763364765e+02 1.914673655646700e+02
7.600000000000001e-13 -4.407829026007363e+02 1.905436075697701e+02
7.680000000000001e-13 -4.407848489332242e+02 1.931748852397953e+02
7.760000000000000e-13 -4.407862909257091e+02 1.983885230394332e+02
7.840000000000001e-13 -4.407892382218965e+02 2.048784624133413e+02
7.920000000000001e-13 -4.407952538025193e+02 2.105615716955138e+02
8.000000000000000e-13 -4.407983032943783e+02 2.127783495449316e+02
8.080000000000001e-13 -4.407962228666869e+02 2.100981399486722e+02
8.160000000000001e-13 -4.407900689274754e+02 2.034653636300916e+02
8.240000000000000e-13 -4.407836891894875e+02 1.956715971620791e+02
8.320000000000001e-13 -4.407779986457824e+02 1.900642565206745e+02
8.400000000000001e-13 -4.407788616030472e+02 1.889609330237844e+02
8.480000000000000e-13 -4.407849886560755e+02 1.920473073381532e+02
8.560000000000001e-13 -4.407901977993239e+02 1.968627174622302e+02
8.640000000000001e-13 -4.407919486341436e+02 2.010491244615864e+02
8.720000000000000e-13 -4.407905402643859e+02 2.037647437997253e+02
8.800000000000001e-13 -4.407881908950584e+02 2.056141953943700e+02
8.880000000000001e-13 -4.407881721345377e+02 2.075575125936531e+02
8.960000000000000e-13 -4.407892243464361e+02 2.097679589504855e+02
9.040000000000001e-13 -4.407906210093325e+02 2.116224070306563e+02
9.120000000000002e-13 -4.407928686224679e+02 2.121391808188635e+02
9.200000000000001e-13 -4.407934605426867e+02 2.102488963135341e+02
9.280000000000001e-13 -4.407922857998671e+02 2.055927033602343e+02
9.360000000000001e-13 -4.407878747782146e+02 1.990878921350305e+02
9.440000000000000e-13 -4.407827110192745e+02 1.927834144230470e+02
9.520000000000000e-13 -4.407812381326855e+02 1.887568676100273e+02
9.600000000000002e-13 -4.407839040419768e+02 1.876117086139144e+02
9.680000000000001e-13 -4.407869219107056e+02 1.883581620190206e+02
9.760000000000001e-13 -4.407876924915914e+02 1.897674206477511e+02
9.840000000000000e-13 -4.407862753686734e+02 1.914889902665461e+02
9.920000000000000e-13 -4.407849767032862e+02 1.939958684698622e+02
1.000000000000000e-12 -4.407861265448483e+02 1.977009694153808e+02
1.008000000000000e-12 -4.407898548377077e+02 2.020466569943317e+02
1.016000000000000e-12 -4.407919908360864e+02 2.056828057361476e+02
1.024000000000000e-12 -4.407907245969399e+02 2.077939333339393e+02
1.032000000000000e-12 -4.407877488690898e+02 2.088474715148088e+02
1.040000000000000e-12 -4.407859678190570e+02 2.099791016962889e+02
1.048000000000000e-12 -4.407894244689657e+02 2.115463117199855e+02
1.056000000000000e-12 -4.407943071686761e+02 2.121338777279900e+02
1.064000000000000e-12 -4.407957529229864e+02 2.097248883218396e+02
1.072000000000000e-12 -4.407921746151708e+02 2.037823134908693e+02
1.080000000000000e-12 -4.407832039316558e+02 1.962797021315854e+02
1.088000000000000e-12 -4.407752535482016e+02 1.911639638671268e+02
1.096000000000000e-12 -4.407758477510101e+02 1.916650321739032e+02
1.104000000000000e-12 -4.407853929133272e+02 1.973537381972247e+02
1.112000000000000e-12 -4.407955355439929e+02 2.041996894699156e+02
1.120000000000000e-12 -4.408004876332640e+02 2.076456254037707e+02
1.128000000000000e-12 -4.407975482620216e+02 2.054956228606870e+02
1.136000000000000e-12 -4.407889975346853e+02 1.989291691479186e+02
1.144000000000000e-12 -4.407803470190555e+02 1.916084311729112e+02
1.152000000000000e-12 -4.407763786591182e+02 1.872993378612560e+02
1.160000000000000e-12 -4.407774140429991e+02 1.879336273189450e+02
1.168000000000000e-12 -4.407819758726658e+02 1.931401579916486e+02
1.176000000000000e-12 -4.407878778340592e+02 2.007399872917117e+02
1.184000000000000e-12 -4.407923087554881e+02 2.078846300374634e+02
1.192000000000000e-12 -4.407939373976175e+02 2.123063355652941e+02
1.200000000000000e-12 -4.407932444353655e+02 2.130331341512433e+02
1.208000000000000e-12 -4.407920404806796e+02 2.101629192259212e+02
1.216000000000000e-12 -4.407881791546944e+02 2.045511582599019e+02
1.224000000000000e-12 -4.407831968633802e+02 1.979941724275517e+02
1.232000000000000e-12 -4.407800058058662e+02 1.926940685406297e+02
1.240000000000000e-12 -4.407802883708009e+02 1.900540963260528e+02
1.248000000000000e-12 -4.407816762298396e+02 1.901868673522055e+02
1.256000000000000e-12 -4.407846437976496e+02 1.923449351282504e+02
1.264000000000000e-12 -4.407871757776473e+02 1.952721452136636e+02
1.272000000000000e-12 -4.407880495591789e+02 1.978597535817043e+02
1.280000000000000e-12 -4.407864823991131e+02 1.998846879866261e+02
1.288000000000000e-12 -4.407859806760870e+02 2.018418468221899e+02
1.296000000000000e-12 -4.407859844810096e+02 2.040942679472797e+02
1.304000000000000e-12 -4.407869846421093e+02 2.065964464159381e+02
1.312000000000000e-12 -4.407882374094806e+02 2.088930617496393e+02
1.320000000000000e-12 -4.407877892402229e+02 2.104695618963746e+02
1.328000000000000e-12 -4.407890065501528e+02 2.110488057266891e+02
1.336000000000000e-12 -4.407892680796902e+02 2.102843847487021e+02
1.344000000000000e-12 -4.407885849461629e+02 2.081070074457293e+02
1.352000000000000e-12 -4.407870909805427e+02 2.049947339842682e+02
1.360000000000000e-12 -4.407846758853849e+02 2.018685977733546e+02
1.368000000000000e-12 -4.407849330740027e+02 1.996093894922001e+02
1.376000000000000e-12 -4.407859980347838e+02 1.983442516870726e+02
1.384000000000000e-12 -4.407868231102187e+02 1.977335876119990e+02
1.392000000000000e-12 -4.407880201284145e+02 1.974497625814814e+02
1.400000000000000e-12 -4.407891958447673e+02 1.970880975274243e+02
1.408000000000000e-12 -4.407885738786770e+02 1.964128190522686e+02
1.416000000000000e-12 -4.407866945432700e+02 1.958015588324594e+02
1.424000000000000e-12 -4.407861719667662e+02 1.959941297020835e+02
1.432000000000000e-12 -4.407879001712989e+02 1.971681668354100e+02
1.440000000000000e-12 -4.407888487302559e+02 1.987278730282033e+02
1.448000000000000e-12 -4.407896411597576e+02 2.000062097972219e+02
1.456000000000000e-12 -4.407886123603882e+02 2.006725111153829e+02
1.464000000000000e-12 -4.407862044704701e+02 2.011054905929798e+02
1.472000000000000e-12 -4.407862746924466e+02 2.020447758597362e+02
1.480000000000000e-12 -4.407881613117273e+02 2.035105512816502e+02
1.488000000000000e-12 -4.407895668612350e+02 2.047554526558806e+02
1.496000000000000e-12 -4.407907736764540e+02 2.049520918623136e+02
1.504000000000000e-12 -4.407910098023135e+02 2.035102341006803e+02
1.512000000000000e-12 -4.407889269118401e+02 2.003956199431052e+02
1.520000000000000e-12 -4.407855259150236e+02 1.965059858240671e+02
1.528000000000000e-12 -4.407826515894482e+02 1.932888827080870e+02
1.536000000000000e-12 -4.407820188206208e+02 1.919368707802143e+02
1.544000000000000e-12 -4.407836585818891e+02 1.927906415822897e+02
1.552000000000000e-12 -4.407857120885700e+02 1.952616494485012e+02
1.560000000000000e-12 -4.407859015163319e+02 1.985788563999348e+02
1.568000000000000e-12 -4.407858799631638e+02 2.024423892349705e+02
1.576000000000000e-12 -4.407882095679911e+02 2.065421591886641e+02
1.584000000000000e-12 -4.407919973505407e+02 2.097675755210579e+02
1.592000000000000e-12 -4.407919544870089e+02 2.108398565967773e+02
1.600000000000000e-12 -4.407895401027637e+02 2.096487628141786e+02
1.608000000000000e-12 -4.407886119428083e+02 2.069717890053076e+02
1.616000000000000e-12 -4.407887391982209e+02 2.033634906303057e+02
1.624000000000000e-12 -4.407876677610053e+02 1.990777931896884e+02
1.632000000000000e-12 -4.407859734806703e+02 1.946979031119294e+02
1.640000000000000e-12 -4.407848297515017e+02 1.910140544623856e+02
1.648000000000000e-12 -4.407835495833768e+02 1.887138161546471e+02
1.656000000000000e-12 -4.407826365690486e+02 1.884058263137109e+02
1.664000000000000e-12 -4.407821792967770e+02 1.905042007626234e+02
1.672000000000000e-12 -4.407844295783743e+02 1.949215550686205e+02
1.680000000000000e-12 -4.407888120451876e+02 2.005531444833606e+02
1.688000000000000e-12 -4.407908865361795e+02 2.056162152269063e+02
1.696000000000000e-12 -4.407895952798733e+02 2.090966963570990e+02
1.704000000000000e-12 -4.407901523165059e+02 2.109199166110961e+02
1.712000000000000e-12 -4.407902941622690e+02 2.109835267003756e+02
1.720000000000000e-12 -4.407901293187954e+02 2.091407663025929e+02
1.728000000000000e-12 -4.407886186956806e+02 2.055910521051445e+02
1.736000000000000e-12 -4.407870279132068e+02 2.010562430280271e+02
1.744000000000000e-12 -4.407865287749322e+02 1.963286042540895e+02
1.752000000000000e-12 -4.407838872231806e+02 1.920866026601480e+02
1.760000000000000e-12 -4.407829602108923e+02 1.892585164052793e+02
1.768000000000000e-12 -4.407830764027756e+02 1.884897373271602e+02
1.776000000000000e-12 -4.407839137090893e+02 1.897905149359185e+02
1.784000000000000e-12 -4.407865512630754e+02 1.925569421096848e+02
1.792000000000000e-12 -4.407874887921867e+02 1.957273885182508e+02
1.800000000000000e-12 -4.407859506875779e+02 1.988026640155996e+02
1.808000000000000e-12 -4.407848136152957e+02 2.021259439342844e+02
1.816000000000000e-12 -4.407853440467838e+02 2.060411900813022e+02
1.824000000000000e-12 -4.407873310379144e+02 2.102500332100184e+02
1.832000000000000e-12 -4.407894455045503e+02 2.138320807749452e+02
1.840000000000000e-12 -4.407901603260530e+02 2.158201659692029e+02
1.848000000000000e-12 -4.407913873820660e+02 2.155648895041345e+02
1.856000000000000e-12 -4.407908313293789e+02 2.126627502345260e+02
1.864000000000000e-12 -4.407885808948733e+02 2.074057919428714e+02
1.872000000000000e-12 -4.407851917821116e+02 2.010061216833774e+02
1.880000000000000e-12 -4.407799362697561e+02 1.954401644105334e+02
1.888000000000000e-12 -4.407783387951998e+02 1.928299124226971e+02
1.896000000000000e-12 -4.407801810966752e+02 1.939951913917994e+02
1.904000000000000e-12 -4.407856159396133e+02 1.979102151165460e+02
1.912000000000000e-12 -4.407916029717631e+02 2.021151584326357e+02
1.920000000000000e-12 -4.407937909004613e+02 2.040346219258132e+02
1.928000000000000e-12 -4.407917503499595e+02 2.026427710881210e+02
1.936000000000000e-12 -4.407893546506471e+02 1.985971481748273e+02
1.944000000000000e-12 -4.407850737477606e+02 1.933986222018490e+02
1.952000000000000e-12 -4.407813291523968e+02 1.889690707858950e+02
1.960000000000000e-12 -4.407790515557751e+02 1.871046673758220e+02
1.968000000000000e-12 -4.407798412396457e+02 1.888001628353871e+02
1.976000000000000e-12 -4.407837720846376e+02 1.936966613834170e+02
1.984000000000000e-12 -4.407884074958839e+02 2.001651644753402e+02
1.992000000000000e-12 -4.407904298437855e+02 2.063442133356744e+02
2.000000000000000e-12 -4.407919758218804e+02 2.110193173661565e+02
2.008000000000000e-12 -4.407932882477087e+02 2.134113166945606e+02
2.016000000000000e-12 -4.407925013501551e+02 2.129956051455181e+02
2.024000000000000e-12 -4.407898005695409e+02 2.100456244039264e+02
2.032000000000000e-12 -4.407884938016735e+02 2.055591345591718e+02
2.040000000000000e-12 -4.407879963525431e+02 2.003652472573710e+02
2.048000000000000e-12 -4.407854724271352e+02 1.951397645360673e+02
2.056000000000000e-12 -4.407844125022057e+02 1.908753898759427e+02
2.064000000000000e-12 -4.407825900501329e+02 1.884537090246781e+02
2.072000000000000e-12 -4.407801632271411e+02 1.887481151230669e+02
2.080000000000000e-12 -4.407807555080263e+02 1.924557513021219e+02
2.088000000000000e-12 -4.407848564596695e+02 1.991259352965978e+02
2.096000000000000e-12 -4.407921758504107e+02 2.066758428167419e+02
2.104000000000000e-12 -4.407984939756124e+02 2.117611490347263e+02
2.112000000000000e-12 -4.407973569847433e+02 2.117680341039779e+02
2.120000000000000e-12 -4.407905385410463e+02 2.069400601388239e+02
2.128000000000000e-12 -4.407827219708599e+02 2.002497085905555e+02
2.136000000000000e-12 -4.407779620139503e+02 1.953541622413502e+02
2.144000000000000e-12 -4.407784278812305e+02 1.945063720498025e+02
2.152000000000000e-12 -4.407835316906319e+02 1.975827169941281e+02
2.160000000000000e-12 -4.407907472930064e+02 2.022764643302516e+02
2.168000000000000e-12 -4.407943621591655e+02 2.056082726709617e+02
2.176000000000000e-12 -4.407924124869818e+02 2.059849015266691e+02
2.184000000000000e-12 -4.407881055475691e+02 2.040415265665558e+02
2.192000000000000e-12 -4.407859652449940e+02 2.014307485963485e+02
2.200000000000000e-12 -4.407861058631166e+02 1.991231316852418e+02
2.208000000000000e-12 -4.407844111992473e+02 1.974130091995422e+02
2.216000000000000e-12 -4.407826289951946e+02 1.968066732887516e+02
2.224000000000000e-12 -4.407816290414043e+02 1.979610909198741e+02
2.232000000000000e-12 -4.407838838344941e+02 2.009827115578323e+02
2.240000000000000e-12 -4.407875535389809e+02 2.048967295150146e+02
2.248000000000000e-12 -4.407905969629163e+02 2.080221724371726e+02
2.256000000000000e-12 -4.407931833006771e+02 2.087808783860948e+02
2.264000000000000e-12 -4.407927331115994e+02 2.062600757331539e+02
2.272000000000000e-12 -4.407878263709277e+02 2.009526895443582e+02
2.280000000000000e-12 -4.407821062908854e+02 1.950044138727659e+02
2.288000000000000e-12 -4.407793705709892e+02 1.909799535584353e+02
2.296000000000000e-12 -4.407787858218342e+02 1.904131971131847e+02
2.304000000000000e-12 -4.407793875719296e+02 1.937565252164775e+02
2.312000000000000e-12 -4.407842787898572e+02 2.003846922642959e+02
2.320000000000000e-12 -4.407913683105182e+02 2.080838580249254e+02
2.328000000000000e-12 -4.407976351903882e+02 2.136625137086847e+02
2.336000000000000e-12 -4.407996226516615e+02 2.143863816174012e+02
2.344000000000000e-12 -4.407948435496809e+02 2.096086680808948e+02
2.352000000000000e-12 -4.407860218341912e+02 2.015343660080807e+02
2.360000000000000e-12 -4.407780535889699e+02 1.942106449131564e+02
2.368000000000000e-12 -4.407754255836152e+02 1.912802519880287e+02
2.376000000000000e-12 -4.407790863693684e+02 1.940373502340736e+02
2.384000000000000e-12 -4.407881013044204e+02 2.006661746261142e+02
2.392000000000000e-12 -4.407963141593366e+02 2.071699933691179e+02
2.400000000000000e-12 -4.407986059311895e+02 2.098816912544134e+02
2.408000000000000e-12 -4.407931392041766e+02 2.078329918174599e+02
2.416000000000000e-12 -4.407861732343214e+02 2.030300706421710e+02
2.424000000000000e-12 -4.407817979521713e+02 1.985146470408633e+02
2.432000000000000e-12 -4.407811376367261e+02 1.963508667372003e+02
2.440000000000000e-12 -4.407838742481169e+02 1.968402020655249e+02
2.448000000000000e-12 -4.407874850392755e+02 1.987589105090919e+02
2.456000000000000e-12 -4.407898363966854e+02 2.004055614412576e+02
2.464000000000000e-12 -4.407899218592795e+02 2.006562151460376e+02
2.472000000000000e-12 -4.407867409503193e+02 1.995659534881376e+02
2.480000000000000e-12 -4.407823327800792e+02 1.985733453678751e+02
2.488000000000000e-12 -4.407802939289154e+02 1.994839549899957e+02
2.496000000000000e-12 -4.407816235444190e+02 2.030648988175243e+02
2.504000000000000e-12 -4.407863347029351e+02 2.084302076810879e+02
2.512000000000000e-12 -4.407912262800376e+02 2.133371668791777e+02
2.520000000000000e-12 -4.407938903977868e+02 2.153615744026036e+02
2.528000000000000e-12 -4.407923978275683e+02 2.132075090358559e+02
2.536000000000000e-12 -4.407881600591187e+02 2.074348635506979e+02
2.544000000000000e-12 -4.407830397507880e+02 2.001035271101749e+02
2.552000000000000e-12 -4.407789651170820e+02 1.937460405310250e+02
2.560000000000000e-12 -4.407771474019213e+02 1.904652646877338e+02
2.568000000000000e-12 -4.407802762374041e+02 1.910540771857668e+02
2.576000000000000e-12 -4.407859390887682e+02 1.943473366651031e+02
2.584000000000000e-12 -4.407888458767087e+02 1.980935434528282e+02
2.592000000000000e-12 -4.407914329244339e+02 2.004834985499780e+02
2.600000000000000e-12 -4.407929260815040e+02 2.001801256023117e+02
2.608000000000000e-12 -4.407893839660496e+02 1.968080771663150e+02
2.616000000000000e-12 -4.407830658767393e+02 1.919798132538290e+02
2.624000000000000e-12 -4.407783529501238e+02 1.885653379110317e+02
2.632000000000000e-12 -4.407780386430685e+02 1.888007001783865e+02
2.640000000000000e-12 -4.407821251570570e+02 1.929245508933325e+02
2.648000000000000e-12 -4.407881134671613e+02 1.990616666427480e+02
2.656000000000000e-12 -4.407914714764171e+02 2.045215089352134e+02
2.664000000000000e-12 -4.407913955477844e+02 2.076186824310301e+02
2.672000000000000e-12 -4.407892170120465e+02 2.082485032092781e+02
2.680000000000000e-12 -4.407863864508291e+02 2.073789473271414e+02
2.688000000000000e-12 -4.407869132040258e+02 2.059798271786903e+02
2.696000000000000e-12 -4.407860238316228e+02 2.043821849941872e+02
2.704000000000000e-12 -4.407842867203850e+02 2.030086434181841e+02
2.712000000000000e-12 -4.407843820790496e+02 2.024547298948638e+02
2.720000000000000e-12 -4.407871839632829e+02 2.025848952962994e+02
2.728000000000000e-12 -4.407903766299295e+02 2.022572580325773e+02
2.736000000000000e-12 -4.407900895628333e+02 2.003009069437180e+02
2.744000000000000e-12 -4.407863666321455e+02 1.968888058136002e+02
2.752000000000000e-12 -4.407837519641466e+02 1.934661955983980e+02
2.760000000000000e-12 -4.407824180448608e+02 1.914846527036879e+02
2.768000000000000e-12 -4.407814714405613e+02 1.918453779848918e+02
2.776000000000000e-12 -4.407828638024279e+02 1.948576096516911e+02
2.784000000000000e-12 -4.407858801949132e+02 1.998466922891373e+02
2.792000000000000e-12 -4.407904436963731e+02 2.051286844107030e+02
2.800000000000000e-12 -4.407935749964184e+02 2.085404120301762e+02
2.808000000000000e-12 -4.407934208574421e+02 2.085569683529677e+02
2.816000000000000e-12 -4.407889413058722e+02 2.053590515435330e+02
2.824000000000000e-12 -4.407825496873342e+02 2.009646277277701e+02
2.832000000000000e-12 -4.407798379338930e+02 1.979916114971151e+02
2.840000000000000e-12 -4.407802467418179e+02 1.979732160510096e+02
2.848000000000000e-12 -4.407836107927110e+02 2.007828435333754e+02
2.856000000000000e-12 -4.407890716739079e+02 2.047974959351573e+02
2.864000000000000e-12 -4.407939201511030e+02 2.075159821612852e+02
2.872000000000000e-12 -4.407933996001539e+02 2.070607070876618e+02
2.880000000000000e-12 -4.407886016029653e+02 2.036149162639704e+02
2.888000000000000e-12 -4.407846170640938e+02 1.990359703073406e+02
2.896000000000000e-12 -4.407821635789553e+02 1.952634861164927e+02
2.904000000000000e-12 -4.407796467963206e+02 1.937583605853631e+02
2.912000000000000e-12 -4.407805499966330e+02 1.954713206976259e+02
2.920000000000000e-12 -4.407835749999241e+02 2.001484187248425e+02
2.928000000000000e-12 -4.407872854715623e+02 2.063106680360453e+02
2.936000000000000e-12 -4.407909876125563e+02 2.119789611246995e+02
2.944000000000000e-12 -4.407936741829618e+02 2.152945934379758e+02
2.952000000000000e-12 -4.407934720212843e+02 2.151542969057090e+02
2.960000000000000e-12 -4.407901161502913e+02 2.118391776224540e+02
2.968000000000000e-12 -4.407858502154439e+02 2.069253472724673e+02
2.976000000000000e-12 -4.407828762071758e+02 2.024555306852853e+02
2.984000000000000e-12 -4.407832908255545e+02 1.998124913184351e+02
2.992000000000000e-12 -4.407849911182857e+02 1.991828338313373e+02
3.000000000000000e-12 -4.407866086030789e+02 2.000129740671707e+02
3.008000000000000e-12 -4.407868865815572e+02 2.015827572074228e+02
3.016000000000000e-12 -4.407885489270593e+02 2.032411207848097e+02
3.024000000000000e-12 -4.407896705334694e+02 2.041733012728123e+02
3.032000000000000e-12 -4.407887890491151e+02 2.039514238954442e+02
3.040000000000000e-12 -4.407894326601349e+02 2.027300288002431e+02
3.048000000000000e-12 -4.407886883451833e+02 2.006510428058314e+02
3.056000000000000e-12 -4.407866222551226e+02 1.980604820777471e+02
3.064000000000000e-12 -4.407852454747674e+02 1.956795272963768e+02
3.072000000000000e-12 -4.407859195991898e+02 1.939967509556921e+02
3.080000000000000e-12 -4.407857507152904e+02 1.930074564451635e+02
3.088000000000000e-12 -4.407850211939087e+02 1.929009526057705e+02
3.096000000000000e-12 -4.407867161037634e+02 1.938300983416005e+02
3.104000000000000e-12 -4.407881385077710e+02 1.952375412959661e+02
3.112000000000000e-12 -4.407879310073012e+02 1.965348620877991e+02
3.120000000000000e-12 -4.407866071040921e+02 1.978210529878393e+02
3.128000000000000e-12 -4.407864710235004e+02 1.995797720275627e+02
3.136000000000000e-12 -4.407871691031291e+02 2.019563488238355e+02
3.144000000000000e-12 -4.407899933207071e+02 2.044077644420851e+02
3.152000000000000e-12 -4.407915581565256e+02 2.058453158721322e+02
3.160000000000000e-12 -4.407891077098189e+02 2.057582319751150e+02
3.168000000000000e-12 -4.407864512740545e+02 2.048909212692340e+02
3.176000000000000e-12 -4.407857371339452e+02 2.042411378633139e+02
3.184000000000000e-12 -4.407864349203343e+02 2.041561195960174e+02
3.192000000000000e-12 -4.407883561794798e+02 2.042714491121683e+02
3.200000000000000e-12 -4.407891750455391e+02 2.038180906770337e+02
3.208000000000000e-12 -4.407886036379276e+02 2.023331344562738e+02
3.216000000000000e-12 -4.407879712341428e+02 1.998928034052861e+02
3.224000000000000e-12 -4.407859455041501e+02 1.969822336776164e+02
3.232000000000000e-12 -4.407838301170473e+02 1.944784101130533e+02
3.240000000000000e-12 -4.407816139891265e+02 1.933403567741065e+02
3.248000000000000e-12 -4.407826150143354e+02 1.942043296691385e+02
3.256000000000000e-12 -4.407856214756790e+02 1.966636135522378e+02
3.264000000000000e-12 -4.407889735890040e+02 1.994051162952950e+02
3.272000000000000e-12 -4.407910834890532e+02 2.010426532976778e+02
3.280000000000000e-12 -4.407917996248414e+02 2.006269837077193e+02
3.288000000000000e-12 -4.407870068830599e+02 1.982648764376958e+02
3.296000000000000e-12 -4.407820022018915e+02 1.957437568544416e+02
3.304000000000000e-12 -4.407802875702847e+02 1.951468382021830e+02
3.312000000000000e-12 -4.407802583999797e+02 1.974956812141624e+02
3.320000000000000e-12 -4.407834056368288e+02 2.026791802852596e+02
3.328000000000000e-12 -4.407880827512763e+02 2.092746263371494e+02
3.336000000000000e-12 -4.407938488881568e+02 2.149363778110975e+02
3.344000000000000e-12 -4.407970140273079e+02 2.171109002213081e+02
3.352000000000000e-12 -4.407953875796617e+02 2.143841079934298e+02
3.360000000000000e-12 -4.407904301899350e+02 2.073600446309837e+02
3.368000000000000e-12 -4.407819179367288e+02 1.985635107791090e+02
3.376000000000000e-12 -4.407753770439556e+02 1.916082592051802e+02
3.384000000000000e-12 -4.407750727899903e+02 1.893717726178033e+02
3.392000000000000e-12 -4.407815945930575e+02 1.920527534254571e+02
3.400000000000000e-12 -4.407900607223758e+02 1.969657503444314e+02
3.408000000000000e-12 -4.407939069682419e+02 2.005472947109601e+02
3.416000000000000e-12 -4.407912611447599e+02 2.009064446753694e+02
3.424000000000000e-12 -4.407861297855837e+02 1.987613025871836e+02
3.432000000000000e-12 -4.407814493736086e+02 1.962976191546955e+02
3.440000000000000e-12 -4.407794919198675e+02 1.956299195576458e+02
3.448000000000000e-12 -4.407815278886065e+02 1.976301078887673e+02
3.456000000000000e-12 -4.407857188878417e+02 2.015389013059260e+02
3.464000000000000e-12 -4.407900566332597e+02 2.055453744525409e+02
3.472000000000000e-12 -4.407917306716849e+02 2.077898293356341e+02
3.480000000000000e-12 -4.407890507385729e+02 2.075634413708084e+02
3.488000000000000e-12 -4.407863995706155e+02 2.056223255257600e+02
3.496000000000000e-12 -4.407854920562489e+02 2.031247071130389e+02
3.504000000000000e-12 -4.407855319108908e+02 2.007894180147879e+02
3.512000000000000e-12 -4.407860094820458e+02 1.988746766155271e+02
3.520000000000000e-12 -4.407846590441545e+02 1.975612692861706e+02
3.528000000000000e-12 -4.407846692866867e+02 1.972451859972610e+02
3.536000000000000e-12 -4.407853939766025e+02 1.981004459503953e+02
3.544000000000000e-12 -4.407853516292731e+02 1.998746870858984e+02
3.552000000000000e-12 -4.407858298125840e+02 2.023704427988880e+02
3.560000000000000e-12 -4.407874300911307e+02 2.052209018350029e+02
3.568000000000000e-12 -4.407887265182156e+02 2.076848740578467e+02
3.576000000000000e-12 -4.407898648913580e+02 2.090226015245825e+02
3.584000000000000e-12 -4.407903659011951e+02 2.087448155074117e+02
3.592000000000000e-12 -4.407896806578502e+02 2.068044713823307e+02
3.600000000000000e-12 -4.407891097058114e+02 2.035027293141541e+02
3.608000000000000e-12 -4.407884724147159e+02 1.991883417931086e+02
3.616000000000000e-12 -4.407852831531578e+02 1.944376062926366e+02
3.624000000000000e-12 -4.407820514162729e+02 1.906443976443453e+02
3.632000000000000e-12 -4.407808463376280e+02 1.894075650594554e+02
3.640000000000001e-12 -4.407824920622976e+02 1.914156806721047e+02
3.648000000000001e-12 -4.407865015107105e+02 1.960125453534879e+02
3.656000000000001e-12 -4.407890231315872e+02 2.015994216322661e+02
3.664000000000001e-12 -4.407917791883354e+02 2.066208747139086e+02
3.672000000000001e-12 -4.407937644637098e+02 2.097610464826285e+02
3.680000000000000e-12 -4.407941308439506e+02 2.100155453586908e+02
3.688000000000000e-12 -4.407898166731840e+02 2.074579877922174e+02
3.696000000000000e-12 -4.407860156200521e+02 2.035753577932537e+02
3.704000000000000e-12 -4.407846168401239e+02 2.001059672793528e+02
3.712000000000000e-12 -4.407854950531936e+02 1.978450462353595e+02
3.720000000000000e-12 -4.407848839358848e+02 1.968515462610756e+02
3.728000000000000e-12 -4.407871747059166e+02 1.968948193642133e+02
3.736000000000000e-12 -4.407875667968738e+02 1.972401502606143e+02
3.744000000000000e-12 -4.407858565710875e+02 1.975661806548578e+02
3.752000000000000e-12 -4.407842979287587e+02 1.984559752673463e+02
3.760000000000000e-12 -4.407864908972194e+02 2.002951697811561e+02
3.768000000000000e-12 -4.407895397622039e+02 2.022563141197867e+02
3.776000000000000e-12 -4.407882730834734e+02 2.031426410368485e+02
3.784000000000000e-12 -4.407862942126194e+02 2.028959774197717e+02
3.792000000000000e-12 -4.407853569275301e+02 2.020985415672519e+02
3.800000000000000e-12 -4.407869477183384e+02 2.009540778124282e+02
3.808000000000000e-12 -4.407876322277331e+02 1.991805030024573e+02
3.816000000000000e-12 -4.407853492320858e+02 1.968070600461880e+02
3.824000000000001e-12 -4.407821734615499e+02 1.948519913077764e+02
3.832000000000001e-12 -4.407808225187757e+02 1.946264315407532e+02
3.840000000000001e-12 -4.407829365210277e+02 1.966412940117416e+02
3.848000000000001e-12 -4.407859300983671e+02 2.002155765696112e+02
3.856000000000001e-12 -4.407882773942619e+02 2.041433292597678e+02
3.864000000000000e-12 -4.407907327101353e+02 2.073300569122755e+02
3.872000000000000e-12 -4.407911107262013e+02 2.089423262745317e+02
3.880000000000000e-12 -4.407903139140029e+02 2.087501997604590e+02
3.888000000000000e-12 -4.407870129056978e+02 2.073602842051189e+02
3.896000000000000e-12 -4.407855220151101e+02 2.059119374442143e+02
3.904000000000000e-12 -4.407871858263530e+02 2.050071407622932e+02
3.912000000000000e-12 -4.407891564315374e+02 2.041602039679044e+02
3.920000000000000e-12 -4.407891239958414e+02 2.026089293496273e+02
3.928000000000000e-12 -4.407861752168027e+02 2.005355028443479e+02
3.936000000000000e-12 -4.407837362098296e+02 1.990857086105261e+02
3.944000000000000e-12 -4.407837808624520e+02 1.992329031558556e+02
3.952000000000000e-12 -4.407866199705952e+02 2.008443512732562e+02
3.960000000000000e-12 -4.407899941539775e+02 2.025230988066170e+02
3.968000000000000e-12 -4.407876511072014e+02 2.029513064059986e+02
3.976000000000000e-12 -4.407853199377224e+02 2.023363929093074e+02
3.984000000000000e-12 -4.407831634738981e+02 2.017163897990978e+02
3.992000000000000e-12 -4.407820318234662e+02 2.020364079017099e+02
4.000000000000000e-12 -4.407831368841944e+02 2.037599063003580e+02
4.008000000000001e-12 -4.407850344729462e+02 2.064771935808682e+02
4.016000000000001e-12 -4.407868152438953e+02 2.092784686320941e+02
4.024000000000001e-12 -4.407885428016550e+02 2.112907659086070e+02
4.032000000000001e-12 -4.407903632943048e+02 2.116575915289440e+02
4.040000000000001e-12 -4.407921250467173e+02 2.095063962148153e+02
4.048000000000001e-12 -4.407911126426479e+02 2.044290213604846e+02
4.056000000000000e-12 -4.407855193409039e+02 1.974105271100425e+02
4.064000000000000e-12 -4.407795565077042e+02 1.910395314426448e+02
4.072000000000000e-12 -4.407771497956281e+02 1.880370536757785e+02
4.080000000000000e-12 -4.407789534494589e+02 1.896567405635076e+02
4.088000000000000e-12 -4.407845123653780e+02 1.950895392473527e+02
4.096000000000000e-12 -4.407912138747058e+02 2.018149151672735e+02
4.104000000000000e-12 -4.407961747637966e+02 2.067906687148229e+02
4.112000000000000e-12 -4.407966186210127e+02 2.078178912261149e+02
4.120000000000000e-12 -4.407907682690603e+02 2.048278728991965e+02
4.128000000000000e-12 -4.407843454401877e+02 2.000814838433749e+02
4.136000000000000e-12 -4.407828014449830e+02 1.961129071193336e+02
4.144000000000000e-12 -4.407821196119437e+02 1.941334952677541e+02
4.152000000000000e-12 -4.407825052173874e+02 1.945010020672256e+02
4.160000000000000e-12 -4.407845992825536e+02 1.969154318130582e+02
4.168000000000000e-12 -4.407867794946972e+02 2.003841122334578e+02
4.176000000000000e-12 -4.407887347349672e+02 2.036709416832063e+02
4.184000000000000e-12 -4.407913663478680e+02 2.055601131802460e+02
4.192000000000001e-12 -4.407913395706631e+02 2.050407926975463e+02
4.200000000000001e-12 -4.407895388398580e+02 2.019896799691868e+02
4.208000000000001e-12 -4.407853236086543e+02 1.973867896599482e+02
4.216000000000001e-12 -4.407813265409102e+02 1.929863322417089e+02
4.224000000000001e-12 -4.407796158115036e+02 1.905461155200443e+02
4.232000000000001e-12 -4.407801702310990e+02 1.909840535412833e+02
4.240000000000001e-12 -4.407822016381633e+02 1.942053335250763e+02
4.248000000000000e-12 -4.407846731332455e+02 1.994292481662170e+02
4.256000000000000e-12 -4.407876512397084e+02 2.054438901177187e+02
4.264000000000000e-12 -4.407917701889280e+02 2.105891324293619e+02
4.272000000000000e-12 -4.407946637430911e+02 2.130479871306117e+02
4.280000000000000e-12 -4.407940300435583e+02 2.116897018261869e+02
4.288000000000000e-12 -4.407895169922074e+02 2.069610078278339e+02
4.296000000000000e-12 -4.407845797703365e+02 2.009144574713285e+02
4.304000000000000e-12 -4.407806039182618e+02 1.960258802427359e+02
4.312000000000000e-12 -4.407791853523027e+02 1.942431600091277e+02
4.320000000000000e-12 -4.407816608640910e+02 1.962047502392603e+02
4.328000000000000e-12 -4.407863472521477e+02 2.007674519288493e+02
4.336000000000000e-12 -4.407896835491172e+02 2.058468572295097e+02
4.344000000000000e-12 -4.407929243752749e+02 2.094472585453819e+02
4.352000000000000e-12 -4.407934986357009e+02 2.100468539676441e+02
4.360000000000000e-12 -4.407897103473396e+02 2.073511207782362e+02
4.368000000000000e-12 -4.407846927251233e+02 2.027718727144298e+02
4.376000000000001e-12 -4.407821622717252e+02 1.983227294801845e+02
4.384000000000001e-12 -4.407820572679590e+02 1.952226853993311e+02
4.392000000000001e-12 -4.407825177673001e+02 1.937715266677371e+02
4.400000000000001e-12 -4.407844488492797e+02 1.937485626672170e+02
4.408000000000001e-12 -4.407854738759595e+02 1.945323880715397e+02
4.416000000000001e-12 -4.407842142848855e+02 1.957304806599370e+02
4.424000000000001e-12 -4.407845820963136e+02 1.974000616754163e+02
4.432000000000001e-12 -4.407868148114815e+02 1.991547783588358e+02
4.440000000000000e-12 -4.407875471185753e+02 2.002263314302295e+02
4.448000000000000e-12 -4.407872801170340e+02 2.003483154843807e+02
4.456000000000000e-12 -4.407858008409683e+02 1.998975840761833e+02
4.464000000000000e-12 -4.407845324798278e+02 1.996293971136987e+02
4.472000000000000e-12 -4.407840197131151e+02 2.002071549934411e+02
4.480000000000000e-12 -4.407862820808491e+02 2.017251484853181e+02
4.488000000000000e-12 -4.407901636035135e+02 2.032328084993255e+02
4.496000000000000e-12 -4.407910182138190e+02 2.034007541730209e+02
4.504000000000000e-12 -4.407868990499977e+02 2.021566839708228e+02
4.512000000000000e-12 -4.407818381082395e+02 2.012510640498880e+02
4.520000000000000e-12 -4.407817764997536e+02 2.026896501939462e+02
4.528000000000000e-12 -4.407876627658370e+02 2.063967903819389e+02
4.536000000000000e-12 -4.407946155734563e+02 2.098454828135298e+02
4.544000000000000e-12 -4.407972336024891e+02 2.100294849643013e+02
4.552000000000000e-12 -4.407941089509778e+02 2.057723065553253e+02
4.560000000000000e-12 -4.407856663235562e+02 1.986332571112081e+02
4.568000000000001e-12 -4.407776672864022e+02 1.923198142853627e+02
4.576000000000001e-12 -4.407782211927688e+02 1.900443657011489e+02
4.584000000000001e-12 -4.407827073167824e+02 1.920046938128357e+02
4.592000000000001e-12 -4.407879464412140e+02 1.961360192003422e+02
4.600000000000001e-12 -4.407907187637734e+02 1.999901674871178e+02
4.608000000000001e-12 -4.407896196675534e+02 2.021907298896344e+02
4.616000000000001e-12 -4.407876934174982e+02 2.030049399559012e+02
4.624000000000000e-12 -4.407869201478825e+02 2.033721008837408e+02
4.632000000000000e-12 -4.407891153005786e+02 2.036105626695183e+02
4.640000000000000e-12 -4.407917533980714e+02 2.029243884280885e+02
4.648000000000000e-12 -4.407908713764821e+02 2.003892226665799e+02
4.656000000000000e-12 -4.407848287126060e+02 1.967464662198943e+02
4.664000000000000e-12 -4.407807867150348e+02 1.943742361241028e+02
4.672000000000000e-12 -4.407814086528331e+02 1.951254792157314e+02
4.680000000000000e-12 -4.407861791757352e+02 1.987587331171629e+02
4.688000000000000e-12 -4.407909989403996e+02 2.032110300567632e+02
4.696000000000000e-12 -4.407934069916470e+02 2.061902401338321e+02
4.704000000000000e-12 -4.407936599971072e+02 2.063390078181695e+02
4.712000000000000e-12 -4.407910537677934e+02 2.034799433345101e+02
4.720000000000000e-12 -4.407863779040305e+02 1.987902232410187e+02
4.728000000000000e-12 -4.407829417466727e+02 1.943524430881738e+02
4.736000000000000e-12 -4.407816329222791e+02 1.919875546982855e+02
4.744000000000000e-12 -4.407832501242908e+02 1.923848119092695e+02
4.752000000000001e-12 -4.407849720880766e+02 1.950693157441999e+02
4.760000000000001e-12 -4.407859180834217e+02 1.992115367320145e+02
4.768000000000001e-12 -4.407869950117361e+02 2.041031116930171e+02
4.776000000000001e-12 -4.407899125331657e+02 2.089165664051792e+02
4.784000000000001e-12 -4.407941945510827e+02 2.121760802461779e+02
4.792000000000001e-12 -4.407938205750413e+02 2.124234526822936e+02
4.800000000000001e-12 -4.407895350827775e+02 2.098427084030070e+02
4.808000000000001e-12 -4.407864215105764e+02 2.060514100091983e+02
4.816000000000000e-12 -4.407845602036068e+02 2.025922812497161e+02
4.824000000000000e-12 -4.407861594144570e+02 2.000837114842440e+02
4.832000000000000e-12 -4.407900788771304e+02 1.978162340163087e+02
4.840000000000000e-12 -4.407908651672780e+02 1.944534350983591e+02
4.848000000000000e-12 -4.407872857571898e+02 1.898262256213813e+02
4.856000000000000e-12 -4.407823236014457e+02 1.854736960006075e+02
4.864000000000000e-12 -4.407801054020387e+02 1.834803543150449e+02
4.872000000000000e-12 -4.407814054696800e+02 1.848943854851604e+02
4.880000000000000e-12 -4.407832921681443e+02 1.893280128602142e+02
4.888000000000000e-12 -4.407846297085362e+02 1.958749923767697e+02
4.896000000000000e-12 -4.407892147351389e+02 2.033584646146488e+02
4.904000000000000e-12 -4.407935155040643e+02 2.098781382006982e+02
4.912000000000000e-12 -4.407935896266595e+02 2.137573819303742e+02
4.920000000000000e-12 -4.407920192178779e+02 2.146921431157540e+02
4.928000000000000e-12 -4.407901883290140e+02 2.133470588997584e+02
4.936000000000001e-12 -4.407874939271859e+02 2.108072802494369e+02
4.944000000000001e-12 -4.407844866817080e+02 2.084482082576190e+02
4.952000000000001e-12 -4.407826651372256e+02 2.076296640166689e+02
4.960000000000001e-12 -4.407857122278846e+02 2.087556367773575e+02
4.968000000000001e-12 -4.407907908733717e+02 2.104014773485311e+02
4.976000000000001e-12 -4.407931277805521e+02 2.103613638448250e+02
4.984000000000001e-12 -4.407931992081465e+02 2.073224753309142e+02
4.992000000000001e-12 -4.407902370295313e+02 2.012863113360184e+02
5.000000000000001e-12 -4.407841986039908e+02 1.937454756003190e+02
5.008000000000000e-12 -4.407793019277495e+02 1.873230588589791e+02
5.016000000000000e-12 -4.407778129843574e+02 1.843124413355403e+02
5.024000000000000e-12 -4.407784756805441e+02 1.856379346065121e+02
5.032000000000000e-12 -4.407813079430828e+02 1.909577162233316e+02
5.040000000000000e-12 -4.407874834570458e+02 1.987151482807772e+02
5.048000000000000e-12 -4.407949505588006e+02 2.060063084302249e+02
5.056000000000000e-12 -4.407988261009351e+02 2.096081521686848e+02
5.064000000000000e-12 -4.407956949514081e+02 2.079807788242462e+02
5.072000000000000e-12 -4.407873873060105e+02 2.026208112457372e+02
5.080000000000000e-12 -4.407793579714254e+02 1.973623178400144e+02
5.088000000000000e-12 -4.407782268478293e+02 1.957967633880033e+02
5.096000000000000e-12 -4.407827910374573e+02 1.988363294823709e+02
5.104000000000000e-12 -4.407914414649862e+02 2.043485623171950e+02
5.112000000000000e-12 -4.407975842446165e+02 2.085814018733168e+02
5.120000000000001e-12 -4.407974412116978e+02 2.087123388414035e+02
5.128000000000001e-12 -4.407922632850215e+02 2.045743881168071e+02
5.136000000000001e-12 -4.407844514779792e+02 1.985346092265167e+02
5.144000000000001e-12 -4.407774390970681e+02 1.944076143358105e+02
5.152000000000001e-12 -4.407781300762690e+02 1.951942602555922e+02
5.160000000000001e-12 -4.407858038452424e+02 2.006844020225221e+02
5.168000000000001e-12 -4.407947970573165e+02 2.075091615265303e+02
5.176000000000001e-12 -4.407987001598188e+02 2.117029485989104e+02
5.184000000000001e-12 -4.407981568735678e+02 2.111160583275773e+02
5.192000000000000e-12 -4.407925877366893e+02 2.060759492600288e+02
5.200000000000000e-12 -4.407856078107916e+02 1.989683143838179e+02
5.208000000000000e-12 -4.407816775615324e+02 1.928157610010675e+02
5.216000000000000e-12 -4.407815758094404e+02 1.894985960881010e+02
5.224000000000000e-12 -4.407826408286596e+02 1.893115268622666e+02
5.232000000000000e-12 -4.407844287463185e+02 1.916076523918961e+02
5.240000000000000e-12 -4.407882891264792e+02 1.951850106342279e+02
5.248000000000000e-12 -4.407899495482698e+02 1.985851589950101e+02
5.256000000000000e-12 -4.407908910029029e+02 2.008374193640715e+02
5.264000000000000e-12 -4.407907007045538e+02 2.016401806679914e+02
5.272000000000000e-12 -4.407890381614287e+02 2.012430471328017e+02
5.280000000000000e-12 -4.407879768430916e+02 2.003591335084077e+02
5.288000000000000e-12 -4.407882608645917e+02 1.995172954165394e+02
5.296000000000000e-12 -4.407900656255537e+02 1.985337080825649e+02
5.304000000000000e-12 -4.407897300492852e+02 1.969566305462920e+02
5.312000000000001e-12 -4.407864548344380e+02 1.951368340554738e+02
5.320000000000001e-12 -4.407814891607805e+02 1.947237144257436e+02
5.328000000000001e-12 -4.407806140356240e+02 1.976723604223715e+02
5.336000000000001e-12 -4.407857092490807e+02 2.042379081950883e+02
5.344000000000001e-12 -4.407940532591688e+02 2.120380273203036e+02
5.352000000000001e-12 -4.408009724731229e+02 2.171666828438707e+02
5.360000000000001e-12 -4.408008301476304e+02 2.165832906717516e+02
5.368000000000001e-12 -4.407940787263335e+02 2.102156680559867e+02
5.376000000000001e-12 -4.407850469949252e+02 2.010572147096506e+02
5.384000000000000e-12 -4.407792013338059e+02 1.932405883796176e+02
5.392000000000000e-12 -4.407774109488740e+02 1.898265158680549e+02
5.400000000000000e-12 -4.407794548694776e+02 1.917853217822355e+02
5.408000000000000e-12 -4.407857833153439e+02 1.978982688263233e+02
5.416000000000000e-12 -4.407935621144219e+02 2.050477347488361e+02
5.424000000000000e-12 -4.407972621191958e+02 2.096942327650607e+02
5.432000000000000e-12 -4.407963115468054e+02 2.099034615242889e+02
5.440000000000000e-12 -4.407920663789392e+02 2.059989412267914e+02
5.448000000000000e-12 -4.407847281338964e+02 2.001142483451788e+02
5.456000000000000e-12 -4.407780189747944e+02 1.955049520723148e+02
5.464000000000000e-12 -4.407761802379763e+02 1.950619676947419e+02
5.472000000000000e-12 -4.407810860477048e+02 1.994874154080554e+02
5.480000000000000e-12 -4.407903203261658e+02 2.064894303974856e+02
5.488000000000000e-12 -4.407950542668682e+02 2.122500386319270e+02
5.496000000000001e-12 -4.407962277195760e+02 2.141155988145328e+02
5.504000000000001e-12 -4.407946499709709e+02 2.113346069467272e+02
5.512000000000001e-12 -4.407900267726524e+02 2.047507951654599e+02
5.520000000000001e-12 -4.407833589863771e+02 1.967684579454268e+02
5.528000000000001e-12 -4.407790428080059e+02 1.904780467698095e+02
5.536000000000001e-12 -4.407777564354698e+02 1.881464485674746e+02
5.544000000000001e-12 -4.407815598247098e+02 1.903234057439703e+02
5.552000000000001e-12 -4.407887596608247e+02 1.954296078449387e+02
5.560000000000001e-12 -4.407936917117706e+02 2.005331869846817e+02
5.568000000000001e-12 -4.407948063396694e+02 2.032999998565509e+02
5.576000000000000e-12 -4.407933369797335e+02 2.029532004499849e+02
5.584000000000000e-12 -4.407907675412314e+02 2.000088447484447e+02
5.592000000000000e-12 -4.407862407119171e+02 1.960023498513674e+02
5.600000000000000e-12 -4.407822145713910e+02 1.931473408300195e+02
5.608000000000000e-12 -4.407800582682623e+02 1.934024511547825e+02
5.616000000000000e-12 -4.407813687677927e+02 1.975890089131366e+02
5.624000000000000e-12 -4.407887118261004e+02 2.045540057216101e+02
5.632000000000000e-12 -4.407963770729996e+02 2.109358191320309e+02
5.640000000000000e-12 -4.407983921677028e+02 2.133018259009871e+02
5.648000000000000e-12 -4.407952345564636e+02 2.105014350617644e+02
5.656000000000000e-12 -4.407878773593537e+02 2.040979243757155e+02
5.664000000000000e-12 -4.407817717854360e+02 1.974052909509324e+02
5.672000000000000e-12 -4.407801330698417e+02 1.932078094283956e+02
5.680000000000001e-12 -4.407805489816505e+02 1.925859808155762e+02
5.688000000000001e-12 -4.407838237273037e+02 1.952450613868515e+02
5.696000000000001e-12 -4.407871380906429e+02 1.998770762425787e+02
5.704000000000001e-12 -4.407896732972357e+02 2.048585060288556e+02
5.712000000000001e-12 -4.407933292121396e+02 2.086600434036810e+02
5.720000000000001e-12 -4.407970242704779e+02 2.096046785714899e+02
5.728000000000001e-12 -4.407942961756090e+02 2.066582091878704e+02
5.736000000000001e-12 -4.407880916035446e+02 2.010353192671321e+02
5.744000000000001e-12 -4.407834544203700e+02 1.954972091658623e+02
5.752000000000001e-12 -4.407812416852952e+02 1.924307643186445e+02
5.760000000000000e-12 -4.407831383101657e+02 1.928828003762460e+02
5.768000000000000e-12 -4.407865971405990e+02 1.961868878457556e+02
5.776000000000000e-12 -4.407892075249000e+02 2.006942093243195e+02
5.784000000000000e-12 -4.407912320477588e+02 2.049441993737890e+02
5.792000000000000e-12 -4.407936513156793e+02 2.077109849059549e+02
5.800000000000000e-12 -4.407916314435289e+02 2.082867652936133e+02
5.808000000000000e-12 -4.407887323662045e+02 2.072422835756743e+02
5.816000000000000e-12 -4.407885096948695e+02 2.054799843083476e+02
5.824000000000000e-12 -4.407894188284939e+02 2.030949830536857e+02
5.832000000000000e-12 -4.407889657928331e+02 1.997424774239716e+02
5.840000000000000e-12 -4.407865091676842e+02 1.956240830272299e+02
5.848000000000000e-12 -4.407838371630434e+02 1.917610499354648e+02
5.856000000000000e-12 -4.407822581888981e+02 1.894493598747118e+02
5.864000000000000e-12 -4.407824951334855e+02 1.895614153283565e+02
5.872000000000001e-12 -4.407855693607582e+02 1.920397652481555e+02
5.880000000000001e-12 -4.407896271905151e+02 1.956368321214406e+02
5.888000000000001e-12 -4.407903150022206e+02 1.987693656216217e+02
5.896000000000001e-12 -4.407872996123756e+02 2.011181008700890e+02
5.904000000000001e-12 -4.407851476461914e+02 2.037009666111898e+02
5.912000000000001e-12 -4.407878161645277e+02 2.071494250081267e+02
5.920000000000001e-12 -4.407919309634065e+02 2.105905391976329e+02
5.928000000000001e-12 -4.407936646323773e+02 2.124997979512534e+02
5.936000000000001e-12 -4.407942064100380e+02 2.119253629833179e+02
5.944000000000001e-12 -4.407928608604328e+02 2.087110800317978e+02
5.952000000000000e-12 -4.407896443461936e+02 2.034957655280627e+02
5.960000000000000e-12 -4.407861956504862e+02 1.977047515881056e+02
5.968000000000000e-12 -4.407848212636671e+02 1.928382849125599e+02
5.976000000000000e-12 -4.407829386927148e+02 1.898757305001134e+02
5.984000000000000e-12 -4.407814605819291e+02 1.895895434283629e+02
5.992000000000000e-12 -4.407835349328813e+02 1.921978133352148e+02
6.000000000000000e-12 -4.407862852621294e+02 1.968601561013136e+02
6.008000000000000e-12 -4.407892220676483e+02 2.021254244445217e+02
6.016000000000000e-12 -4.407915211534683e+02 2.064263164972412e+02
6.024000000000000e-12 -4.407940122107433e+02 2.083837803277099e+02
6.032000000000000e-12 -4.407940177673605e+02 2.070096857506680e+02
6.040000000000000e-12 -4.407896625286389e+02 2.025615276096679e+02
6.048000000000000e-12 -4.407843988230272e+02 1.968997670883333e+02
6.056000000000001e-12 -4.407816049371101e+02 1.922707597682771e+02
6.064000000000001e-12 -4.407821173589772e+02 1.899943398073247e+02
6.072000000000001e-12 -4.407835919248328e+02 1.901478859718931e+02
6.080000000000001e-12 -4.407850572980183e+02 1.921457323060303e+02
6.088000000000001e-12 -4.407861315989239e+02 1.953300806791521e+02
6.096000000000001e-12 -4.407864387473463e+02 1.992144286016243e+02
6.104000000000001e-12 -4.407869853724422e+02 2.035342898987955e+02
6.112000000000001e-12 -4.407887567081100e+02 2.079159155243837e+02
6.120000000000001e-12 -4.407911427241081e+02 2.115251158836618e+02
6.128000000000001e-12 -4.407921107628512e+02 2.134285743551054e+02
6.136000000000001e-12 -4.407907507966366e+02 2.133191575890156e+02
6.144000000000000e-12 -4.407888837450433e+02 2.117806542768618e+02
6.152000000000000e-12 -4.407888391185127e+02 2.095834783018943e+02
6.160000000000000e-12 -4.407892724199733e+02 2.069139444407551e+02
6.168000000000000e-12 -4.407883127421924e+02 2.037579699058372e+02
6.176000000000000e-12 -4.407860340510651e+02 2.007140823624875e+02
6.184000000000000e-12 -4.407855443922031e+02 1.986775472919274e+02
6.192000000000000e-12 -4.407873259684711e+02 1.978608524606246e+02
6.200000000000000e-12 -4.407881228009678e+02 1.977289179759287e+02
6.208000000000000e-12 -4.407877468605501e+02 1.979007085321039e+02
6.216000000000000e-12 -4.407863534149217e+02 1.985903432892326e+02
6.224000000000000e-12 -4.407866191810424e+02 2.001514186357088e+02
6.232000000000000e-12 -4.407881214630082e+02 2.023980147320029e+02
6.240000000000001e-12 -4.407902568739043e+02 2.045486867941259e+02
6.248000000000001e-12 -4.407928811942067e+02 2.055442337045936e+02
6.256000000000001e-12 -4.407938966811852e+02 2.044079547820886e+02
6.264000000000001e-12 -4.407912350299297e+02 2.009659448727997e+02
6.272000000000001e-12 -4.407867829026299e+02 1.963202253047221e+02
6.280000000000001e-12 -4.407833594243845e+02 1.922577041611381e+02
6.288000000000001e-12 -4.407819141129101e+02 1.902812768812312e+02
6.296000000000001e-12 -4.407845576674047e+02 1.908826489492587e+02
6.304000000000001e-12 -4.407882922924471e+02 1.931386079152119e+02
6.312000000000001e-12 -4.407893595429027e+02 1.957356754346071e+02
6.320000000000001e-12 -4.407885363731869e+02 1.982319433752541e+02
6.328000000000001e-12 -4.407889236217491e+02 2.007989790724207e+02
6.336000000000000e-12 -4.407904142045495e+02 2.032461131845169e+02
6.344000000000000e-12 -4.407935629317407e+02 2.047122228667204e+02
6.352000000000000e-12 -4.407952326234867e+02 2.039890357403818e+02
6.360000000000000e-12 -4.407929272147722e+02 2.005805339759899e+02
6.368000000000000e-12 -4.407874678259581e+02 1.957367127487882e+02
6.376000000000000e-12 -4.407821263443253e+02 1.919775216398314e+02
6.384000000000000e-12 -4.407803198077369e+02 1.917389592421912e+02
6.392000000000000e-12 -4.407840602180578e+02 1.957345145172986e+02
6.400000000000000e-12 -4.407900821528264e+02 2.022896423463046e+02
6.408000000000000e-12 -4.407957263755040e+02 2.083938428365407e+02
6.416000000000000e-12 -4.407978738267479e+02 2.113375021314600e+02
6.424000000000001e-12 -4.407958479571315e+02 2.100042154654982e+02
6.432000000000001e-12 -4.407906931560860e+02 2.053025033123653e+02
6.440000000000001e-12 -4.407844413752078e+02 1.996347661840467e+02
6.448000000000001e-12 -4.407797323152931e+02 1.958706347931741e+02
6.456000000000001e-12 -4.407805286989346e+02 1.958472910516527e+02
6.464000000000001e-12 -4.407851029443219e+02 1.991609171409008e+02
6.472000000000001e-12 -4.407906635286696e+02 2.036596173341063e+02
6.480000000000001e-12 -4.407947657584143e+02 2.067447093787089e+02
6.488000000000001e-12 -4.407920410349832e+02 2.068440304907454e+02
6.496000000000001e-12 -4.407850093831298e+02 2.049023826922442e+02
6.504000000000001e-12 -4.407816326254183e+02 2.034209624888200e+02
6.512000000000001e-12 -4.407821103167470e+02 2.039390264566026e+02
6.520000000000000e-12 -4.407857413463047e+02 2.062444994756791e+02
6.528000000000000e-12 -4.407910780563494e+02 2.087628157214205e+02
6.536000000000000e-12 -4.407938453421430e+02 2.095133277004393e+02
6.544000000000000e-12 -4.407938968305544e+02 2.073322873449004e+02
6.552000000000000e-12 -4.407913509086814e+02 2.023458981024618e+02
6.560000000000000e-12 -4.407866309255787e+02 1.959635496804509e+02
6.568000000000000e-12 -4.407822146665706e+02 1.904718586163614e+02
6.576000000000000e-12 -4.407786864487614e+02 1.882255319415382e+02
6.584000000000000e-12 -4.407801022443019e+02 1.906737105543686e+02
6.592000000000000e-12 -4.407851212380139e+02 1.973066294767149e+02
6.600000000000000e-12 -4.407914633405030e+02 2.057621293478374e+02
6.608000000000000e-12 -4.407972839419601e+02 2.128169552768593e+02
6.616000000000001e-12 -4.407998899020116e+02 2.155255476516937e+02
6.624000000000001e-12 -4.407964872020644e+02 2.126629446075565e+02
6.632000000000001e-12 -4.407908445977753e+02 2.054294943661430e+02
6.640000000000001e-12 -4.407854288244789e+02 1.964645267743062e+02
6.648000000000001e-12 -4.407795715572836e+02 1.887519349723952e+02
6.656000000000001e-12 -4.407772158533014e+02 1.848620054326815e+02
6.664000000000001e-12 -4.407787880421910e+02 1.858708230015498e+02
6.672000000000001e-12 -4.407853274878414e+02 1.907573545546881e+02
6.680000000000001e-12 -4.407908600322567e+02 1.968488647930481e+02
6.688000000000001e-12 -4.407922710849156e+02 2.017510200093670e+02
6.696000000000001e-12 -4.407914403378606e+02 2.046941923469053e+02
6.704000000000001e-12 -4.407892220498418e+02 2.061471506817854e+02
6.712000000000000e-12 -4.407890456681811e+02 2.068460018784995e+02
6.720000000000000e-12 -4.407895128597958e+02 2.070743802548011e+02
6.728000000000000e-12 -4.407920034870482e+02 2.064691975426742e+02
6.736000000000000e-12 -4.407949761276428e+02 2.039589979726609e+02
6.744000000000000e-12 -4.407927891054720e+02 1.987234734660622e+02
6.752000000000000e-12 -4.407860349965184e+02 1.918562212218019e+02
6.760000000000000e-12 -4.407819914510642e+02 1.860375194988991e+02
6.768000000000000e-12 -4.407813030384935e+02 1.833627426009705e+02
6.776000000000000e-12 -4.407830879304661e+02 1.843833094137455e+02
6.784000000000000e-12 -4.407858865239658e+02 1.884243771192658e+02
6.792000000000000e-12 -4.407886917203844e+02 1.941631049999345e+02
6.800000000000001e-12 -4.407906862596646e+02 2.001894813547742e+02
6.808000000000001e-12 -4.407922853460288e+02 2.053468548730274e+02
6.816000000000001e-12 -4.407946092490030e+02 2.085875227398184e+02
6.824000000000001e-12 -4.407936481118163e+02 2.091009289233306e+02
6.832000000000001e-12 -4.407892540816979e+02 2.073615617256593e+02
6.840000000000001e-12 -4.407867577103325e+02 2.050222762969941e+02
6.848000000000001e-12 -4.407869966775367e+02 2.033011252639713e+02
6.856000000000001e-12 -4.407885875026919e+02 2.022479189472632e+02
6.864000000000001e-12 -4.407887575373030e+02 2.013416449148698e+02
6.872000000000001e-12 -4.407868722013071e+02 2.005288266238550e+02
6.880000000000001e-12 -4.407852116227357e+02 2.005687187968384e+02
6.888000000000001e-12 -4.407857978749350e+02 2.021339194451198e+02
6.896000000000001e-12 -4.407869873293486e+02 2.051216890369949e+02
6.904000000000000e-12 -4.407899717090442e+02 2.086912075950146e+02
6.912000000000000e-12 -4.407936917221391e+02 2.113278305511365e+02
6.920000000000000e-12 -4.407952206910172e+02 2.113956778668066e+02
6.928000000000000e-12 -4.407929190154786e+02 2.082182889106220e+02
6.936000000000000e-12 -4.407883665682283e+02 2.027329642134929e+02
6.944000000000000e-12 -4.407851204168980e+02 1.968487407014228e+02
6.952000000000000e-12 -4.407835926831318e+02 1.921620930366082e+02
6.960000000000000e-12 -4.407814365309362e+02 1.896809062625355e+02
6.968000000000000e-12 -4.407802797295498e+02 1.902998889912438e+02
6.976000000000000e-12 -4.407833890344056e+02 1.942383697063978e+02
6.984000000000001e-12 -4.407886909438365e+02 2.001149845842801e+02
6.992000000000001e-12 -4.407923805959050e+02 2.055801309863218e+02
7.000000000000001e-12 -4.407927886150136e+02 2.088472357957125e+02
7.008000000000001e-12 -4.407910688845118e+02 2.095051476444479e+02
7.016000000000001e-12 -4.407890391889555e+02 2.081174432099510e+02
7.024000000000001e-12 -4.407877552154137e+02 2.055185958131546e+02
7.032000000000001e-12 -4.407870553679305e+02 2.023442047134999e+02
7.040000000000001e-12 -4.407864378121981e+02 1.989921910264696e+02
7.048000000000001e-12 -4.407865031768438e+02 1.957248052843989e+02
7.056000000000001e-12 -4.407849196386306e+02 1.927797601868503e+02
7.064000000000001e-12 -4.407830598545120e+02 1.907168377656382e+02
7.072000000000001e-12 -4.407820451352064e+02 1.902358680557944e+02
7.080000000000001e-12 -4.407814834939757e+02 1.918436015402259e+02
7.088000000000000e-12 -4.407835882265184e+02 1.956508338561592e+02
7.096000000000000e-12 -4.407880248812555e+02 2.007533243363670e+02
7.104000000000000e-12 -4.407920257398100e+02 2.052686614967837e+02
7.112000000000000e-12 -4.407925939523217e+02 2.074798606525362e+02
7.120000000000000e-12 -4.407904056133960e+02 2.068786011319441e+02
7.128000000000000e-12 -4.407853508371828e+02 2.045109536623675e+02
7.136000000000000e-12 -4.407837093123584e+02 2.023068427243317e+02
7.144000000000000e-12 -4.407860606830240e+02 2.011661356055380e+02
7.152000000000000e-12 -4.407869075221008e+02 2.006198590653941e+02
7.160000000000000e-12 -4.407862499730405e+02 2.003103195791743e+02
7.168000000000000e-12 -4.407867698726442e+02 2.002639167897770e+02
7.176000000000001e-12 -4.407867828103720e+02 2.004627759497642e+02
7.184000000000001e-12 -4.407888812943358e+02 2.006699253541600e+02
7.192000000000001e-12 -4.407899250205343e+02 2.002100757818494e+02
7.200000000000001e-12 -4.407883748379920e+02 1.986942405987054e+02
7.208000000000001e-12 -4.407868303362634e+02 1.966710678417811e+02
7.216000000000001e-12 -4.407843935221877e+02 1.951574528130286e+02
7.224000000000001e-12 -4.407817772052189e+02 1.955357163107347e+02
7.232000000000001e-12 -4.407854693302760e+02 1.985681354643825e+02
7.240000000000001e-12 -4.407929120642597e+02 2.026387555906343e+02
7.248000000000001e-12 -4.407978599997039e+02 2.045743209065543e+02
7.256000000000001e-12 -4.407970834130849e+02 2.020908151221739e+02
7.264000000000001e-12 -4.407895530356067e+02 1.956017523615637e+02
7.272000000000001e-12 -4.407789891921605e+02 1.885034595056833e+02
7.280000000000001e-12 -4.407725849193482e+02 1.853599864686123e+02
7.288000000000000e-12 -4.407750009258086e+02 1.889506696439024e+02
7.296000000000001e-12 -4.407842834402947e+02 1.982612036783027e+02
7.304000000000000e-12 -4.407945489041235e+02 2.092108044178930e+02
7.312000000000001e-12 -4.408015237012024e+02 2.170761199034367e+02
7.320000000000000e-12 -4.407998131041722e+02 2.189735922354833e+02
7.328000000000001e-12 -4.407929449933017e+02 2.154271568537693e+02
7.336000000000000e-12 -4.407866648831318e+02 2.094568308465756e+02
7.344000000000001e-12 -4.407834511998215e+02 2.042312740384095e+02
7.352000000000000e-12 -4.407838241947953e+02 2.015826964881582e+02
7.360000000000001e-12 -4.407879543561710e+02 2.013962797434206e+02
7.368000000000000e-12 -4.407911780941363e+02 2.022130011537207e+02
7.376000000000001e-12 -4.407924320803134e+02 2.026160576425797e+02
7.384000000000000e-12 -4.407922900810100e+02 2.018969867748829e+02
7.392000000000001e-12 -4.407916336124921e+02 1.998937326780451e+02
7.400000000000000e-12 -4.407901811074237e+02 1.967339038935089e+02
7.408000000000001e-12 -4.407878408813166e+02 1.929334775989210e+02
7.416000000000000e-12 -4.407849494624795e+02 1.894907690174493e+02
7.424000000000001e-12 -4.407821230751604e+02 1.877239627890096e+02
7.432000000000000e-12 -4.407814319744543e+02 1.886701496676380e+02
7.440000000000001e-12 -4.407823332437434e+02 1.925208810280960e+02
7.448000000000001e-12 -4.407838223160705e+02 1.987371623070155e+02
7.456000000000001e-12 -4.407875716403869e+02 2.062840345714237e+02
7.464000000000001e-12 -4.407933253222465e+02 2.133114304720427e+02
7.472000000000000e-12 -4.407966052142579e+02 2.174363823911751e+02
7.480000000000001e-12 -4.407960966137267e+02 2.170682841662567e+02
7.488000000000000e-12 -4.407919626386621e+02 2.123990779781820e+02
7.496000000000001e-12 -4.407865884116557e+02 2.052185623822945e+02
7.504000000000000e-12 -4.407818549667575e+02 1.980698952365781e+02
7.512000000000001e-12 -4.407811143000927e+02 1.931024869583439e+02
7.520000000000000e-12 -4.407828326369550e+02 1.910346431216916e+02
7.528000000000001e-12 -4.407859415505342e+02 1.912250771383922e+02
7.536000000000000e-12 -4.407865274067700e+02 1.926794149226677e+02
7.544000000000001e-12 -4.407877207634430e+02 1.948598828686417e+02
7.552000000000000e-12 -4.407892116498274e+02 1.972415988713477e+02
7.560000000000001e-12 -4.407890292960992e+02 1.993275911957055e+02
7.568000000000000e-12 -4.407883384319173e+02 2.012054155548098e+02
7.576000000000001e-12 -4.407902975692280e+02 2.029871544527992e+02
7.584000000000000e-12 -4.407909228441542e+02 2.042022424015304e+02
7.592000000000001e-12 -4.407905749551600e+02 2.044771831007066e+02
7.600000000000000e-12 -4.407904232346916e+02 2.038666631250591e+02
7.608000000000001e-12 -4.407908921223065e+02 2.024572160679497e+02
7.616000000000000e-12 -4.407890956383736e+02 2.004960654029140e+02
7.624000000000001e-12 -4.407871170800971e+02 1.987585271912428e+02
7.632000000000000e-12 -4.407871233991866e+02 1.980000015330816e+02
7.640000000000001e-12 -4.407863040161185e+02 1.985274613155754e+02
7.648000000000001e-12 -4.407866942244552e+02 2.004763697414105e+02
7.656000000000000e-12 -4.407902662280243e+02 2.033123301688553e+02
7.664000000000001e-12 -4.407906829130492e+02 2.057721480861227e+02
7.672000000000000e-12 -4.407881625923796e+02 2.074761007363207e+02
7.680000000000001e-12 -4.407885248595549e+02 2.089452917490370e+02
7.688000000000000e-12 -4.407898911692672e+02 2.100750465937427e+02
7.696000000000001e-12 -4.407900418886881e+02 2.102996981625022e+02
7.704000000000000e-12 -4.407923784559309e+02 2.090569245956338e+02
7.712000000000001e-12 -4.407924368633322e+02 2.056661614249367e+02
7.720000000000000e-12 -4.407895896701453e+02 2.002211094103082e+02
7.728000000000001e-12 -4.407844571208542e+02 1.941305789351843e+02
7.736000000000000e-12 -4.407793497599982e+02 1.897142594130145e+02
7.744000000000001e-12 -4.407801455785928e+02 1.889035023984238e+02
7.752000000000000e-12 -4.407859661738994e+02 1.914084916067083e+02
7.760000000000001e-12 -4.407889534149515e+02 1.952024624978743e+02
7.768000000000000e-12 -4.407900632130080e+02 1.987309012929656e+02
7.776000000000001e-12 -4.407923432864145e+02 2.011866563652553e+02
7.784000000000000e-12 -4.407921915107835e+02 2.019148487531363e+02
7.792000000000001e-12 -4.407889096338210e+02 2.011225986763761e+02
7.800000000000000e-12 -4.407852968013303e+02 2.001564352229049e+02
7.808000000000001e-12 -4.407859415329537e+02 2.003412395598154e+02
7.816000000000000e-12 -4.407908512205572e+02 2.014670828701720e+02
7.824000000000001e-12 -4.407926923655626e+02 2.019852725981291e+02
7.832000000000001e-12 -4.407889901946023e+02 2.012844263328480e+02
7.840000000000001e-12 -4.407853341519388e+02 2.005854249002151e+02
7.848000000000001e-12 -4.407858616619359e+02 2.011899077048608e+02
7.856000000000000e-12 -4.407891815723083e+02 2.028842865279723e+02
7.864000000000001e-12 -4.407930124631611e+02 2.041439157649005e+02
7.872000000000000e-12 -4.407933395186697e+02 2.034023086280260e+02
7.880000000000001e-12 -4.407879413527115e+02 2.007358616651975e+02
7.888000000000000e-12 -4.407824537222083e+02 1.982299064924355e+02
7.896000000000001e-12 -4.407804235002167e+02 1.981850186975163e+02
7.904000000000000e-12 -4.407840247101217e+02 2.013090330247790e+02
7.912000000000001e-12 -4.407907270031147e+02 2.060207753291537e+02
7.920000000000000e-12 -4.407952454826241e+02 2.095409181054555e+02
7.928000000000001e-12 -4.407958056018828e+02 2.098602288800421e+02
7.936000000000000e-12 -4.407937914941532e+02 2.066244549585517e+02
7.944000000000001e-12 -4.407896834639192e+02 2.008755997455550e+02
7.952000000000000e-12 -4.407857946651849e+02 1.944953543500894e+02
7.960000000000001e-12 -4.407830095072688e+02 1.894741545143863e+02
7.968000000000000e-12 -4.407828138350520e+02 1.871649666383807e+02
7.976000000000001e-12 -4.407847618441961e+02 1.878891809824466e+02
7.984000000000000e-12 -4.407868115967701e+02 1.911083489294163e+02
7.992000000000001e-12 -4.407888340322468e+02 1.959286682092851e+02
8.000000000000000e-12 -4.407904063330735e+02 2.013866637506113e+02
8.008000000000001e-12 -4.407920283805636e+02 2.065363750872075e+02
8.016000000000001e-12 -4.407939709585507e+02 2.103488334557318e+02
8.024000000000001e-12 -4.407932591310783e+02 2.119991944897400e+02
8.032000000000001e-12 -4.407922265322379e+02 2.114320779834741e+02
8.040000000000000e-12 -4.407912670941204e+02 2.090410571608860e+02
8.048000000000001e-12 -4.407890976316990e+02 2.054266787582891e+02
8.056000000000000e-12 -4.407870330598191e+02 2.015389657884296e+02
8.064000000000001e-12 -4.407856517627722e+02 1.984092941147634e+02
8.072000000000000e-12 -4.407856674510753e+02 1.966423610839059e+02
8.080000000000001e-12 -4.407874680116690e+02 1.960930281099542e+02
8.088000000000000e-12 -4.407904561408654e+02 1.958726784875428e+02
8.096000000000001e-12 -4.407894308299303e+02 1.951206535987040e+02
8.104000000000000e-12 -4.407869316804482e+02 1.940372921852504e+02
8.112000000000001e-12 -4.407853108775599e+02 1.935092654197094e+02
8.120000000000000e-12 -4.407834951950850e+02 1.944003925366725e+02
8.128000000000001e-12 -4.407840162625306e+02 1.973213461523858e+02
8.136000000000000e-12 -4.407870721394904e+02 2.019329751710249e+02
8.144000000000001e-12 -4.407918894725267e+02 2.066356537901449e+02
8.152000000000000e-12 -4.407951033262460e+02 2.092375351370441e+02
8.160000000000001e-12 -4.407936049834784e+02 2.083442498318142e+02
8.168000000000000e-12 -4.407901049343704e+02 2.042702842885193e+02
8.176000000000001e-12 -4.407865422132899e+02 1.984532772651166e+02
8.184000000000000e-12 -4.407829861622821e+02 1.926837602861252e+02
8.192000000000001e-12 -4.407803450040781e+02 1.887357771264184e+02
8.200000000000001e-12 -4.407791150812086e+02 1.880076605635952e+02
8.208000000000001e-12 -4.407819588934524e+02 1.909087976165656e+02
8.216000000000001e-12 -4.407868729460300e+02 1.963817519753080e+02
8.224000000000001e-12 -4.407911838852341e+02 2.023452875234788e+02
8.232000000000001e-12 -4.407903539015609e+02 2.070999289568604e+02
8.240000000000000e-12 -4.407893370219304e+02 2.103481474653862e+02
8.248000000000001e-12 -4.407907563853568e+02 2.121028306924408e+02
8.256000000000000e-12 -4.407915770895754e+02 2.118316459046169e+02
8.264000000000001e-12 -4.407912047760524e+02 2.092172472997625e+02
8.272000000000000e-12 -4.407885236235248e+02 2.047528401054880e+02
8.280000000000001e-12 -4.407849731418461e+02 1.998351912931579e+02
8.288000000000000e-12 -4.407834736158604e+02 1.960688064380511e+02
8.296000000000001e-12 -4.407850781236880e+02 1.941267992643974e+02
8.304000000000000e-12 -4.407850846466945e+02 1.937562253741099e+02
8.312000000000001e-12 -4.407850869567079e+02 1.946759012510155e+02
8.320000000000000e-12 -4.407862038306714e+02 1.965813909648954e+02
8.328000000000001e-12 -4.407882222773596e+02 1.987499547644382e+02
8.336000000000000e-12 -4.407910272867807e+02 2.001290029448592e+02
8.344000000000001e-12 -4.407913301930437e+02 1.997920899717977e+02
8.352000000000000e-12 -4.407871540218836e+02 1.979572632986758e+02
8.360000000000001e-12 -4.407834429923416e+02 1.962904529819605e+02
8.368000000000000e-12 -4.407833778412137e+02 1.963468981139902e+02
8.376000000000001e-12 -4.407858663282523e+02 1.982719212777406e+02
8.384000000000001e-12 -4.407885127564901e+02 2.010751228274138e+02
8.392000000000001e-12 -4.407902830694813e+02 2.035571139235212e+02
8.400000000000001e-12 -4.407899892417698e+02 2.050392782224237e+02
8.408000000000001e-12 -4.407907714929701e+02 2.053345886119294e+02
8.416000000000001e-12 -4.407929384684363e+02 2.040258959114260e+02
8.424000000000000e-12 -4.407918016542258e+02 2.006747058826622e+02
8.432000000000001e-12 -4.407879657063522e+02 1.958786315882023e+02
8.440000000000000e-12 -4.407826779147804e+02 1.915416641845681e+02
8.448000000000001e-12 -4.407795227485742e+02 1.900677374640943e+02
8.456000000000000e-12 -4.407810104265210e+02 1.928719259191775e+02
8.464000000000001e-12 -4.407853537709693e+02 1.994296712885105e+02
8.472000000000000e-12 -4.407903139716432e+02 2.077417687763753e+02
8.480000000000001e-12 -4.407971432580957e+02 2.149969296793946e+02
8.488000000000000e-12 -4.408016533052531e+02 2.181009310725707e+02
8.496000000000001e-12 -4.408011307996365e+02 2.151007816745550e+02
8.504000000000000e-12 -4.407947071268649e+02 2.064579776584803e+02
8.512000000000001e-12 -4.407828736962276e+02 1.955477472730783e+02
8.520000000000000e-12 -4.407751778955925e+02 1.873777568106543e+02
8.528000000000001e-12 -4.407751052696011e+02 1.853705646684454e+02
8.536000000000000e-12 -4.407828295391662e+02 1.893604011835496e+02
8.544000000000001e-12 -4.407916491620053e+02 1.960861052108827e+02
8.552000000000000e-12 -4.407957264085986e+02 2.016809463544788e+02
8.560000000000001e-12 -4.407957894284352e+02 2.039519345672197e+02
8.568000000000001e-12 -4.407931464916693e+02 2.026826248051072e+02
8.576000000000001e-12 -4.407892243951045e+02 1.990436592058076e+02
8.584000000000001e-12 -4.407863712054933e+02 1.948406714805526e+02
8.592000000000001e-12 -4.407848702781395e+02 1.916647529650996e+02
8.600000000000001e-12 -4.407830986282136e+02 1.906688010083207e+02
8.608000000000000e-12 -4.407835712300680e+02 1.926440124662037e+02
8.616000000000001e-12 -4.407869809087352e+02 1.973322856929538e+02
8.624000000000000e-12 -4.407912505174154e+02 2.031488567881162e+02
8.632000000000001e-12 -4.407958160969486e+02 2.078527985914398e+02
8.640000000000000e-12 -4.407968931584637e+02 2.095556074419045e+02
8.648000000000001e-12 -4.407938280755001e+02 2.078123397447042e+02
8.656000000000000e-12 -4.407875322671159e+02 2.040559541899177e+02
8.664000000000001e-12 -4.407827522926897e+02 2.008500611450641e+02
8.672000000000000e-12 -4.407839586510747e+02 1.999777056404131e+02
8.680000000000001e-12 -4.407894551233175e+02 2.009402278957579e+02
8.688000000000000e-12 -4.407928041364707e+02 2.016916600046413e+02
8.696000000000001e-12 -4.407919083444186e+02 2.007614366739861e+02
8.704000000000000e-12 -4.407883771408419e+02 1.984025021359661e+02
8.712000000000001e-12 -4.407847372090503e+02 1.960631151534244e+02
8.720000000000000e-12 -4.407822345363334e+02 1.954274594466275e+02
8.728000000000001e-12 -4.407839429488999e+02 1.973962270976107e+02
8.736000000000000e-12 -4.407882232488237e+02 2.012554037597526e+02
8.744000000000001e-12 -4.407911979601259e+02 2.052240771231825e+02
8.752000000000001e-12 -4.407924514598917e+02 2.078256753950387e+02
8.760000000000001e-12 -4.407916985754804e+02 2.085197940680455e+02
8.768000000000001e-12 -4.407889036663260e+02 2.077322730641114e+02
8.776000000000001e-12 -4.407866675129698e+02 2.066059617800381e+02
8.784000000000001e-12 -4.407860256859598e+02 2.062304684770344e+02
8.792000000000001e-12 -4.407874492626601e+02 2.070146812809892e+02
8.800000000000001e-12 -4.407915084938060e+02 2.083103092556293e+02
8.808000000000000e-12 -4.407957498535969e+02 2.084854294521379e+02
8.816000000000001e-12 -4.407961704221512e+02 2.059789305879597e+02
8.824000000000000e-12 -4.407927036316123e+02 2.006895701942751e+02
8.832000000000001e-12 -4.407879212718654e+02 1.941861179846353e+02
8.840000000000000e-12 -4.407843617798379e+02 1.886712313744948e+02
8.848000000000001e-12 -4.407836162422901e+02 1.857977188364327e+02
8.856000000000000e-12 -4.407855933731273e+02 1.859008489142868e+02
8.864000000000001e-12 -4.407876202943353e+02 1.881902952096333e+02
8.872000000000000e-12 -4.407895124015602e+02 1.915681350212674e+02
8.880000000000001e-12 -4.407907695352546e+02 1.950646407837316e+02
8.888000000000000e-12 -4.407904397455398e+02 1.980825982125069e+02
8.896000000000001e-12 -4.407884598801829e+02 2.007196902933247e+02
8.904000000000000e-12 -4.407882921177170e+02 2.035027395473067e+02
8.912000000000001e-12 -4.407899726086685e+02 2.064469500086303e+02
8.920000000000000e-12 -4.407932969007473e+02 2.085989139515827e+02
8.928000000000001e-12 -4.407955720177976e+02 2.084475633830474e+02
8.936000000000000e-12 -4.407945254134922e+02 2.050139181130245e+02
8.944000000000001e-12 -4.407896802405459e+02 1.988607570347864e+02
8.952000000000001e-12 -4.407826983868918e+02 1.923184935072786e+02
8.960000000000001e-12 -4.407785731061163e+02 1.884336635668927e+02
8.968000000000001e-12 -4.407791394311472e+02 1.892063307909248e+02
8.976000000000001e-12 -4.407850585643664e+02 1.943677252078064e+02
8.984000000000001e-12 -4.407916948101009e+02 2.014032303111038e+02
8.992000000000000e-12 -4.407956342645601e+02 2.072017970896660e+02
9.000000000000001e-12 -4.407972759497363e+02 2.095782159067257e+02
9.008000000000000e-12 -4.407956037006574e+02 2.077520744792871e+02
9.016000000000001e-12 -4.407900442096470e+02 2.027311785616973e+02
9.024000000000000e-12 -4.407854071355925e+02 1.970295142863206e+02
9.032000000000001e-12 -4.407827828844323e+02 1.930771349596113e+02
9.040000000000000e-12 -4.407823594453866e+02 1.921970028991721e+02
9.048000000000001e-12 -4.407855310655357e+02 1.944107570139440e+02
9.056000000000000e-12 -4.407873236554616e+02 1.986020550350553e+02
9.064000000000001e-12 -4.407875025416548e+02 2.038375345810171e+02
9.072000000000000e-12 -4.407903772569036e+02 2.095001252764172e+02
9.080000000000001e-12 -4.407944045356353e+02 2.141991658859808e+02
9.088000000000000e-12 -4.407974660528307e+02 2.160055308678401e+02
9.096000000000001e-12 -4.407975416424035e+02 2.135029717468438e+02
9.104000000000000e-12 -4.407920395915357e+02 2.069213739456973e+02
9.112000000000001e-12 -4.407858345350332e+02 1.985413085900992e+02
9.120000000000000e-12 -4.407802956814392e+02 1.915137475422205e+02
9.128000000000001e-12 -4.407789221838165e+02 1.883840069698058e+02
9.136000000000001e-12 -4.407823155513828e+02 1.897921913540147e+02
9.144000000000001e-12 -4.407872869769100e+02 1.942820093069038e+02
9.152000000000001e-12 -4.407918299615847e+02 1.994680549860855e+02
9.160000000000001e-12 -4.407954153041366e+02 2.030292574430773e+02
9.168000000000001e-12 -4.407930494980281e+02 2.037045763944557e+02
9.176000000000000e-12 -4.407884586503762e+02 2.022063037031020e+02
9.184000000000001e-12 -4.407855962062473e+02 2.003089179615506e+02
9.192000000000000e-12 -4.407833421531304e+02 1.995189372741863e+02
9.200000000000001e-12 -4.407840611305509e+02 2.007019387832897e+02
9.208000000000000e-12 -4.407870467998732e+02 2.035924134886057e+02
9.216000000000001e-12 -4.407907016482200e+02 2.068331111230163e+02
9.224000000000000e-12 -4.407932313091367e+02 2.087797024752069e+02
9.232000000000001e-12 -4.407940700011440e+02 2.083027330800821e+02
9.240000000000000e-12 -4.407921024822397e+02 2.052584967958355e+02
9.248000000000001e-12 -4.407877433984379e+02 2.007270264727802e+02
9.256000000000000e-12 -4.407856940196037e+02 1.964170640807342e+02
9.264000000000001e-12 -4.407855450697861e+02 1.934631462699727e+02
9.272000000000000e-12 -4.407865097342091e+02 1.921301766124380e+02
9.280000000000001e-12 -4.407871337372604e+02 1.922488647562862e+02
9.288000000000000e-12 -4.407868213212150e+02 1.936891480557612e+02
9.296000000000001e-12 -4.407869735522364e+02 1.964821023359791e+02
9.304000000000000e-12 -4.407888763900572e+02 2.004800149154641e+02
9.312000000000001e-12 -4.407931694982983e+02 2.046537580885510e+02
9.320000000000001e-12 -4.407953609451721e+02 2.072029116347805e+02
9.328000000000001e-12 -4.407946125759682e+02 2.069814891230570e+02
9.336000000000001e-12 -4.407928039831738e+02 2.040807290991446e+02
9.344000000000001e-12 -4.407893738457785e+02 1.994483778168126e+02
9.352000000000001e-12 -4.407859089023225e+02 1.946344953937602e+02
9.360000000000001e-12 -4.407836938267830e+02 1.912435656313922e+02
9.368000000000001e-12 -4.407834496254320e+02 1.902843104234859e+02
9.376000000000000e-12 -4.407842216426440e+02 1.919812686834629e+02
9.384000000000001e-12 -4.407863796772637e+02 1.958943937774343e+02
9.392000000000000e-12 -4.407905947512988e+02 2.008713600572989e+02
9.400000000000001e-12 -4.407940609266952e+02 2.050981201097083e+02
9.408000000000000e-12 -4.407946308959722e+02 2.070048747282195e+02
9.416000000000001e-12 -4.407923032490758e+02 2.062382658262025e+02
9.424000000000000e-12 -4.407891651745267e+02 2.036013703646702e+02
9.432000000000001e-12 -4.407873942575838e+02 2.004056746146772e+02
9.440000000000000e-12 -4.407884306129903e+02 1.974138645896058e+02
9.448000000000001e-12 -4.407848491792131e+02 1.950691422490796e+02
9.456000000000000e-12 -4.407817276275222e+02 1.946141835892935e+02
9.464000000000001e-12 -4.407820923233272e+02 1.971095403465740e+02
9.472000000000000e-12 -4.407859903546154e+02 2.021707613793431e+02
9.480000000000001e-12 -4.407916767437585e+02 2.078658740793718e+02
9.488000000000000e-12 -4.407947169567065e+02 2.117151241518874e+02
9.496000000000001e-12 -4.407935184624649e+02 2.122837149018819e+02
9.504000000000002e-12 -4.407913902662284e+02 2.097661008835954e+02
9.512000000000001e-12 -4.407898104535063e+02 2.051128437002858e+02
9.520000000000001e-12 -4.407848036966593e+02 1.996141678168266e+02
9.528000000000001e-12 -4.407786773238798e+02 1.954334894772656e+02
9.536000000000001e-12 -4.407786384132274e+02 1.945658968999810e+02
9.544000000000001e-12 -4.407824293167687e+02 1.971419079729642e+02
9.552000000000001e-12 -4.407881895610852e+02 2.014611630616948e+02
9.560000000000000e-12 -4.407939923624048e+02 2.048336440055190e+02
9.568000000000001e-12 -4.407950649151597e+02 2.048204836249387e+02
9.576000000000000e-12 -4.407893639972844e+02 2.010786799475025e+02
9.584000000000001e-12 -4.407822351442722e+02 1.959417936591922e+02
9.592000000000000e-12 -4.407781185356309e+02 1.925745797582326e+02
9.600000000000001e-12 -4.407794109656771e+02 1.929049902151619e+02
9.608000000000000e-12 -4.407845640454118e+02 1.966544796671737e+02
9.616000000000001e-12 -4.407904681332258e+02 2.016720484614041e+02
9.624000000000000e-12 -4.407927746367056e+02 2.055136503655227e+02
9.632000000000001e-12 -4.407924510326899e+02 2.069304574508523e+02
9.640000000000000e-12 -4.407904338202996e+02 2.060378540763274e+02
9.648000000000001e-12 -4.407871411928415e+02 2.038022970619720e+02
9.656000000000000e-12 -4.407852646636367e+02 2.015827555540770e+02
9.664000000000001e-12 -4.407870058179036e+02 2.000530351763976e+02
9.672000000000000e-12 -4.407890192832149e+02 1.986643387925241e+02
9.680000000000001e-12 -4.407880032582277e+02 1.966968597156520e+02
9.688000000000002e-12 -4.407843845001881e+02 1.944518988040441e+02
9.696000000000001e-12 -4.407832953625178e+02 1.928801416855896e+02
9.704000000000001e-12 -4.407822695703142e+02 1.926250185103149e+02
9.712000000000001e-12 -4.407835753375479e+02 1.938774800111302e+02
9.720000000000001e-12 -4.407870592957708e+02 1.960287560473435e+02
9.728000000000001e-12 -4.407900504038557e+02 1.977408653648649e+02
9.736000000000001e-12 -4.407901605919653e+02 1.978903420260730e+02
9.744000000000000e-12 -4.407861828128547e+02 1.966863333726236e+02
9.752000000000001e-12 -4.407825645735578e+02 1.957409839348328e+02
9.760000000000000e-12 -4.407832698166420e+02 1.965198747576752e+02
9.768000000000001e-12 -4.407863303368335e+02 1.990000265159481e+02
9.776000000000000e-12 -4.407891335621093e+02 2.020288698973043e+02
9.784000000000001e-12 -4.407903095699900e+02 2.044075992508577e+02
9.792000000000000e-12 -4.407883710206362e+02 2.056922346566261e+02
9.800000000000001e-12 -4.407867566192080e+02 2.063658462502109e+02
9.808000000000000e-12 -4.407873105348627e+02 2.069186938722608e+02
9.816000000000001e-12 -4.407882975144046e+02 2.071150103198208e+02
9.824000000000000e-12 -4.407892296856764e+02 2.064043609804886e+02
9.832000000000001e-12 -4.407896333471401e+02 2.043519678869426e+02
9.840000000000000e-12 -4.407879134861661e+02 2.010050085961840e+02
9.848000000000001e-12 -4.407842619797750e+02 1.973183280457583e+02
9.856000000000000e-12 -4.407810723503637e+02 1.949649014424866e+02
9.864000000000001e-12 -4.407813972141630e+02 1.952604042180750e+02
9.872000000000002e-12 -4.407842318089483e+02 1.981076358492157e+02
9.880000000000001e-12 -4.407875027686068e+02 2.022045741806973e+02
9.888000000000001e-12 -4.407897912021994e+02 2.060159105156571e+02
9.896000000000001e-12 -4.407902523417565e+02 2.085063508961666e+02
9.904000000000001e-12 -4.407894748063885e+02 2.094251459533675e+02
9.912000000000001e-12 -4.407887903225611e+02 2.090971269082018e+02
9.920000000000001e-12 -4.407880484066560e+02 2.079584334540271e+02
9.928000000000001e-12 -4.407871248480853e+02 2.064364727768507e+02
9.936000000000001e-12 -4.407872254262938e+02 2.047795600527593e+02
9.944000000000000e-12 -4.407866636488590e+02 2.030481682402581e+02
9.952000000000001e-12 -4.407853760531399e+02 2.015168031209917e+02
9.960000000000000e-12 -4.407852591562620e+02 2.007068507769968e+02
9.968000000000001e-12 -4.407862666794147e+02 2.008610740818745e+02
9.976000000000000e-12 -4.407867076502835e+02 2.017118467993204e+02
9.984000000000001e-12 -4.407879019966885e+02 2.027494397724141e+02
9.992000000000000e-12 -4.407897038788454e+02 2.031604777691347e+02
