0.000000000000000e+00 -4.406525088614217e+02 2.137020498947781e+02
1.300000000000000e-14 -4.406341526421054e+02 2.077963605450734e+02
2.600000000000000e-14 -4.406102907650702e+02 1.981064697350610e+02
3.900000000000000e-14 -4.406090106985927e+02 1.939555725239456e+02
5.200000000000000e-14 -4.406238836628958e+02 1.978385849346873e+02
6.500000000000000e-14 -4.406408322253372e+02 2.036996219827781e+02
7.800000000000000e-14 -4.406364120728141e+02 2.048469183213340e+02
9.100000000000000e-14 -4.406272685105113e+02 2.026029841079068e+02
1.040000000000000e-13 -4.406275297014997e+02 2.008246708322967e+02
1.170000000000000e-13 -4.406349018657902e+02 1.998039911505972e+02
1.300000000000000e-13 -4.406286328763295e+02 1.980194183909768e+02
1.430000000000000e-13 -4.406239051250661e+02 1.974192857153242e+02
1.560000000000000e-13 -4.406362712587385e+02 1.988212610544865e+02
1.690000000000000e-13 -4.406359132536209e+02 1.979618657750704e+02
1.820000000000000e-13 -4.406168916588827e+02 1.956018860595125e+02
1.950000000000000e-13 -4.406213305304747e+02 1.973378471398668e+02
2.080000000000000e-13 -4.406335284503638e+02 2.024189417802976e+02
2.210000000000000e-13 -4.406354237584162e+02 2.057453579066899e+02
2.340000000000000e-13 -4.406314954332428e+02 2.052949132202583e+02
2.470000000000000e-13 -4.406261811248594e+02 2.027945196105513e+02
2.600000000000000e-13 -4.406197064184630e+02 2.009992777318874e+02
2.730000000000000e-13 -4.406292261938761e+02 2.009308419296962e+02
2.860000000000000e-13 -4.406380340661499e+02 1.992070817092921e+02
2.990000000000000e-13 -4.406249860962205e+02 1.937721463038203e+02
3.120000000000000e-13 -4.406047240614528e+02 1.908124047940164e+02
3.250000000000000e-13 -4.406152051659388e+02 1.970249862452195e+02
3.380000000000000e-13 -4.406424914208407e+02 2.084518292392714e+02
3.510000000000000e-13 -4.406521241432148e+02 2.144543693551273e+02
3.640000000000000e-13 -4.406410228614568e+02 2.105798079106943e+02
3.770000000000000e-13 -4.406270682617211e+02 2.013390474855463e+02
3.900000000000000e-13 -4.406176689479590e+02 1.937225475234283e+02
4.030000000000000e-13 -4.406235079377660e+02 1.920673085804427e+02
4.160000000000000e-13 -4.406387326644386e+02 1.941427906564612e+02
4.290000000000000e-13 -4.406375366592473e+02 1.943397194796631e+02
4.420000000000000e-13 -4.406189849787720e+02 1.930765795381076e+02
4.550000000000000e-13 -4.406191137327270e+02 1.964792868959769e+02
4.680000000000000e-13 -4.406328121761408e+02 2.049868240796741e+02
4.810000000000000e-13 -4.406501537027614e+02 2.121531635372839e+02
4.940000000000000e-13 -4.406530068647011e+02 2.106599474428193e+02
5.070000000000000e-13 -4.406329605173225e+02 1.992941898567639e+02
5.200000000000000e-13 -4.406047203220215e+02 1.877761563373891e+02
5.330000000000000e-13 -4.406105420982987e+02 1.873729629124363e+02
5.460000000000000e-13 -4.406328729713962e+02 1.975643846838946e+02
5.590000000000000e-13 -4.406576150577328e+02 2.073395706799301e+02
5.720000000000000e-13 -4.406450167164249e+02 2.070345385592591e+02
5.850000000000000e-13 -4.406252751179879e+02 1.995442120790597e+02
5.980000000000000e-13 -4.406116292255460e+02 1.945706638632515e+02
6.110000000000000e-13 -4.406256211362610e+02 1.963167521492327e+02
6.240000000000000e-13 -4.406399862360138e+02 1.998232908342978e+02
6.370000000000000e-13 -4.406339719086663e+02 1.988960666616167e+02
6.500000000000000e-13 -4.406157532363221e+02 1.959437895808695e+02
6.630000000000000e-13 -4.406155121406949e+02 1.978298311624463e+02
6.759999999999999e-13 -4.406336944016020e+02 2.056085340744908e+02
6.890000000000000e-13 -4.406559399105986e+02 2.115230439786858e+02
7.020000000000000e-13 -4.406519989104914e+02 2.072298167275578e+02
7.150000000000000e-13 -4.406258505262535e+02 1.946467887443327e+02
7.280000000000000e-13 -4.406046525828589e+02 1.856933440034889e+02
7.410000000000000e-13 -4.406146823465717e+02 1.896426635269907e+02
7.540000000000000e-13 -4.406368582813277e+02 2.026926440829856e+02
7.670000000000000e-13 -4.406534103639160e+02 2.134641201082038e+02
7.800000000000000e-13 -4.406458212477201e+02 2.142188377740158e+02
7.930000000000000e-13 -4.406282466365642e+02 2.070599558304064e+02
8.060000000000000e-13 -4.406228430512063e+02 1.992819755468188e+02
8.189999999999999e-13 -4.406234975158973e+02 1.953770922603809e+02
8.320000000000000e-13 -4.406313625271579e+02 1.951185894437471e+02
8.450000000000000e-13 -4.406321396634518e+02 1.959067679027484e+02
8.580000000000000e-13 -4.406162802707719e+02 1.983632129787318e+02
8.710000000000000e-13 -4.406280924269981e+02 2.060814853438336e+02
8.840000000000000e-13 -4.406584627416122e+02 2.134879239476697e+02
8.970000000000000e-13 -4.406548161320704e+02 2.093844730113250e+02
9.100000000000000e-13 -4.406197465109177e+02 1.957889265973239e+02
9.230000000000000e-13 -4.406131805903461e+02 1.859118144478337e+02
9.360000000000001e-13 -4.406313102464998e+02 1.840036387480065e+02
9.489999999999999e-13 -4.406288437573611e+02 1.840362657130415e+02
9.619999999999999e-13 -4.406119506553306e+02 1.865036810023556e+02
9.750000000000000e-13 -4.406209105213916e+02 1.961351333044247e+02
9.880000000000000e-13 -4.406438185758401e+02 2.089479695465516e+02
1.001000000000000e-12 -4.406514307289094e+02 2.152931435584259e+02
1.014000000000000e-12 -4.406371662565931e+02 2.115143014042728e+02
1.027000000000000e-12 -4.406161840218978e+02 2.037784925740870e+02
1.040000000000000e-12 -4.406298833212620e+02 1.995521893035233e+02
1.053000000000000e-12 -4.406247037567086e+02 1.976430095840909e+02
1.066000000000000e-12 -4.406126560639623e+02 1.993955691145740e+02
1.079000000000000e-12 -4.406455928216354e+02 2.062006252244761e+02
1.092000000000000e-12 -4.406590972770271e+02 2.067543186351753e+02
1.105000000000000e-12 -4.406222301555925e+02 1.962407144756100e+02
1.118000000000000e-12 -4.406005145626277e+02 1.870229764014303e+02
1.131000000000000e-12 -4.406136565505370e+02 1.887190053805613e+02
1.144000000000000e-12 -4.406344530110963e+02 1.968968960932581e+02
1.157000000000000e-12 -4.406384349703519e+02 2.030213997034010e+02
1.170000000000000e-12 -4.406312078790450e+02 2.046095959380506e+02
1.183000000000000e-12 -4.406308100928571e+02 2.035626144539713e+02
1.196000000000000e-12 -4.406250901722103e+02 2.011387253235365e+02
1.209000000000000e-12 -4.406249922630175e+02 1.985988521775006e+02
1.222000000000000e-12 -4.406304147852008e+02 1.965418425322137e+02
1.235000000000000e-12 -4.406296113128611e+02 1.935620946546613e+02
1.248000000000000e-12 -4.406132324705288e+02 1.908684989278835e+02
1.261000000000000e-12 -4.406076991368423e+02 1.946490261948743e+02
1.274000000000000e-12 -4.406338278299281e+02 2.060487904904404e+02
1.287000000000000e-12 -4.406471786587787e+02 2.157986081834942e+02
1.300000000000000e-12 -4.406422588780060e+02 2.169121982584678e+02
1.313000000000000e-12 -4.406300197968763e+02 2.104301400752516e+02
1.326000000000000e-12 -4.406179910788205e+02 2.015767742751349e+02
1.339000000000000e-12 -4.406183794361998e+02 1.957751158644636e+02
1.352000000000000e-12 -4.406247683273331e+02 1.938340867016011e+02
1.365000000000000e-12 -4.406323355413610e+02 1.931699922181527e+02
1.378000000000000e-12 -4.406231573228399e+02 1.920545652432906e+02
1.391000000000000e-12 -4.406181712849365e+02 1.930593359092000e+02
1.404000000000000e-12 -4.406330398333894e+02 1.977713270100598e+02
1.417000000000000e-12 -4.406431547908701e+02 2.005745730658488e+02
1.430000000000000e-12 -4.406289836794266e+02 1.972271559566838e+02
1.443000000000000e-12 -4.406084413418116e+02 1.930074500865367e+02
1.456000000000000e-12 -4.406148138308041e+02 1.957006028769629e+02
1.469000000000000e-12 -4.406418594135384e+02 2.025505476550130e+02
1.482000000000000e-12 -4.406381480805296e+02 2.039629192506091e+02
1.495000000000000e-12 -4.406224460221083e+02 1.988602626953789e+02
1.508000000000000e-12 -4.406069656195860e+02 1.945394110696957e+02
1.521000000000000e-12 -4.406096191786261e+02 1.973460052825443e+02
1.534000000000000e-12 -4.406322416899957e+02 2.059056655704896e+02
1.547000000000000e-12 -4.406429022801516e+02 2.117916925282133e+02
1.560000000000000e-12 -4.406399360429354e+02 2.095284201103355e+02
1.573000000000000e-12 -4.406202256242020e+02 2.020952752846310e+02
1.586000000000000e-12 -4.406163398715423e+02 1.969167934049618e+02
1.599000000000000e-12 -4.406327872636026e+02 1.960609445646983e+02
1.612000000000000e-12 -4.406351848739929e+02 1.943057493295504e+02
1.625000000000000e-12 -4.406141082270012e+02 1.908182849517980e+02
1.638000000000000e-12 -4.406039734281316e+02 1.937061542228898e+02
1.651000000000000e-12 -4.406340960053358e+02 2.059861532164526e+02
1.664000000000000e-12 -4.406574509057795e+02 2.161168621847673e+02
1.677000000000000e-12 -4.406501077835296e+02 2.127117876780139e+02
1.690000000000000e-12 -4.406133730243510e+02 1.993717882332346e+02
1.703000000000000e-12 -4.406090766159396e+02 1.893664609197885e+02
1.716000000000000e-12 -4.406132139357507e+02 1.889368335479007e+02
1.729000000000000e-12 -4.406331353604623e+02 1.936310475248038e+02
1.742000000000000e-12 -4.406300487775018e+02 1.958286098252517e+02
1.755000000000000e-12 -4.406200843912923e+02 1.959706299318368e+02
1.768000000000000e-12 -4.406249633956035e+02 1.975988458418534e+02
1.781000000000000e-12 -4.406196644206354e+02 2.011566280801305e+02
1.794000000000000e-12 -4.406266711172702e+02 2.057028628492803e+02
1.807000000000000e-12 -4.406291536713409e+02 2.086510868023325e+02
1.820000000000000e-12 -4.406355778447863e+02 2.068935518199170e+02
1.833000000000000e-12 -4.406177548799081e+02 1.995405296292965e+02
1.846000000000000e-12 -4.405974126906053e+02 1.942417893646493e+02
1.859000000000000e-12 -4.406101648888879e+02 1.986782099057847e+02
1.872000000000000e-12 -4.406408648715673e+02 2.072911948920063e+02
1.885000000000000e-12 -4.406401678351904e+02 2.088455106816290e+02
1.898000000000000e-12 -4.406224897883167e+02 2.027103410923734e+02
1.911000000000000e-12 -4.406182019985995e+02 1.961272743573768e+02
1.924000000000000e-12 -4.406176399418098e+02 1.931745370101811e+02
1.937000000000000e-12 -4.406222066790079e+02 1.939792086570549e+02
1.950000000000000e-12 -4.406327620324455e+02 1.956531428843642e+02
1.963000000000000e-12 -4.406219046865198e+02 1.956860313068589e+02
1.976000000000000e-12 -4.406193502838599e+02 1.970053761416117e+02
1.989000000000000e-12 -4.406281562680379e+02 2.015827682561928e+02
2.002000000000000e-12 -4.406318673804155e+02 2.065031004125467e+02
2.015000000000000e-12 -4.406352918830715e+02 2.086121884689654e+02
2.028000000000000e-12 -4.406331025363774e+02 2.065503834080113e+02
2.041000000000000e-12 -4.406223238807383e+02 2.018881742655379e+02
2.054000000000000e-12 -4.406169990869602e+02 1.985192738714739e+02
2.067000000000000e-12 -4.406170495409376e+02 1.995030577586787e+02
2.080000000000000e-12 -4.406315586536525e+02 2.032132585765737e+02
2.093000000000000e-12 -4.406359855440812e+02 2.037039858011207e+02
2.106000000000000e-12 -4.406203539636259e+02 1.995029218315018e+02
2.119000000000000e-12 -4.406126577657592e+02 1.959833959563398e+02
2.132000000000000e-12 -4.406209215588800e+02 1.965920976833561e+02
2.145000000000000e-12 -4.406300358893427e+02 1.988956829811378e+02
2.158000000000000e-12 -4.406241129773556e+02 2.001660223559014e+02
2.171000000000000e-12 -4.406288661343106e+02 1.998023791964068e+02
2.184000000000000e-12 -4.406216556788789e+02 1.971757932175062e+02
2.197000000000000e-12 -4.406092655055362e+02 1.956472852416541e+02
2.210000000000000e-12 -4.406238916162705e+02 1.988536720309918e+02
2.223000000000000e-12 -4.406339816023383e+02 2.026249579130271e+02
2.236000000000000e-12 -4.406246300009521e+02 2.028269634872828e+02
2.249000000000000e-12 -4.406183930943970e+02 2.015300296737471e+02
2.262000000000000e-12 -4.406182424728167e+02 2.009657328210386e+02
2.275000000000000e-12 -4.406182985543815e+02 2.010406857807007e+02
2.288000000000000e-12 -4.406225349561116e+02 2.013275733143491e+02
2.301000000000000e-12 -4.406294621641160e+02 2.003452326737076e+02
2.314000000000000e-12 -4.406191042594959e+02 1.965135783907841e+02
2.327000000000000e-12 -4.406051234373269e+02 1.932625028649350e+02
2.340000000000000e-12 -4.406061322877437e+02 1.963892220353276e+02
2.353000000000000e-12 -4.406234386284266e+02 2.051459335107733e+02
2.366000000000000e-12 -4.406327423357558e+02 2.126621812832390e+02
2.379000000000000e-12 -4.406389526246174e+02 2.136155679524516e+02
2.392000000000000e-12 -4.406235194277489e+02 2.075462917757347e+02
2.405000000000000e-12 -4.406104017555284e+02 2.012990734390382e+02
2.418000000000000e-12 -4.406247816223666e+02 2.000420777153620e+02
2.431000000000000e-12 -4.406439911285523e+02 1.978344376522916e+02
2.444000000000000e-12 -4.406247421399131e+02 1.892687514193005e+02
2.457000000000000e-12 -4.405938337411963e+02 1.822065675542037e+02
2.470000000000000e-12 -4.406022588570802e+02 1.878353996784405e+02
2.483000000000000e-12 -4.406351428107193e+02 2.028108975654716e+02
2.496000000000000e-12 -4.406488028347039e+02 2.139568453041482e+02
2.509000000000000e-12 -4.406446523441630e+02 2.141368281735242e+02
2.522000000000000e-12 -4.406260290693111e+02 2.052704654329527e+02
2.535000000000000e-12 -4.406093944384534e+02 1.958558143612113e+02
2.548000000000000e-12 -4.406088537100200e+02 1.933503635689429e+02
2.561000000000000e-12 -4.406300680264148e+02 1.972739423841282e+02
2.574000000000000e-12 -4.406366545919134e+02 2.002284146054218e+02
2.587000000000000e-12 -4.406253488658074e+02 1.988207308145942e+02
2.600000000000000e-12 -4.406246068873282e+02 1.959345358952470e+02
2.613000000000000e-12 -4.406139874381087e+02 1.946162867570928e+02
2.626000000000000e-12 -4.406145092106752e+02 1.976342604904203e+02
2.639000000000000e-12 -4.406330856177697e+02 2.039778738378162e+02
2.652000000000000e-12 -4.406338809274554e+02 2.073963504823284e+02
2.665000000000000e-12 -4.406264521870302e+02 2.056632952066394e+02
2.678000000000000e-12 -4.406188228271972e+02 2.030016843044685e+02
2.691000000000000e-12 -4.406250465931134e+02 2.022903884339108e+02
2.704000000000000e-12 -4.406291863445348e+02 2.015485657835769e+02
2.717000000000000e-12 -4.406278853635165e+02 1.989739756258467e+02
2.730000000000000e-12 -4.406227453297964e+02 1.951961052898952e+02
2.743000000000000e-12 -4.406154822843533e+02 1.927386826363493e+02
2.756000000000000e-12 -4.406154019482412e+02 1.940932240933464e+02
2.769000000000000e-12 -4.406230761742971e+02 1.986504777216619e+02
2.782000000000000e-12 -4.406358425240404e+02 2.019604828338714e+02
2.795000000000000e-12 -4.406315246490570e+02 1.996630577710533e+02
2.808000000000000e-12 -4.406113512361915e+02 1.938926881005544e+02
2.821000000000000e-12 -4.406061174390729e+02 1.924912238448144e+02
2.834000000000000e-12 -4.406230947816198e+02 1.977420472465924e+02
2.847000000000000e-12 -4.406295339993463e+02 2.038351547363439e+02
2.860000000000000e-12 -4.406347340844218e+02 2.057634394072759e+02
2.873000000000000e-12 -4.406233644266904e+02 2.026194905971796e+02
2.886000000000000e-12 -4.406101029731617e+02 1.991840012504627e+02
2.899000000000000e-12 -4.406142141707028e+02 2.009367050740308e+02
2.912000000000000e-12 -4.406332075464760e+02 2.063970175641678e+02
2.925000000000000e-12 -4.406394310640077e+02 2.085305079182766e+02
2.938000000000000e-12 -4.406270012757777e+02 2.050780275524738e+02
2.951000000000000e-12 -4.406135890029728e+02 2.014372525248414e+02
2.964000000000000e-12 -4.406199636364747e+02 2.020612927419052e+02
2.977000000000000e-12 -4.406384409838141e+02 2.034673238299094e+02
2.990000000000000e-12 -4.406330648165236e+02 1.996144979153748e+02
3.003000000000000e-12 -4.406186330276435e+02 1.917071640215599e+02
3.016000000000000e-12 -4.406034893588002e+02 1.871431036528157e+02
3.029000000000000e-12 -4.406146423917754e+02 1.917507021078592e+02
3.042000000000000e-12 -4.406383736315140e+02 2.012636070033097e+02
3.055000000000000e-12 -4.406430723283029e+02 2.057291214399009e+02
3.068000000000000e-12 -4.406221332023515e+02 2.031888590866544e+02
3.081000000000000e-12 -4.406106225795695e+02 2.011860958494502e+02
3.094000000000000e-12 -4.406172405698977e+02 2.052468407541368e+02
3.107000000000000e-12 -4.406492831779082e+02 2.098939090475696e+02
3.120000000000000e-12 -4.406366063675979e+02 2.048671708817949e+02
3.133000000000000e-12 -4.406005372941894e+02 1.944036662966448e+02
3.146000000000000e-12 -4.405953268696286e+02 1.928141746716813e+02
3.159000000000000e-12 -4.406256051345134e+02 2.019076100876280e+02
3.172000000000000e-12 -4.406432856943420e+02 2.094252373509430e+02
3.185000000000000e-12 -4.406366003280293e+02 2.070985253057599e+02
3.198000000000000e-12 -4.406190734362563e+02 1.975901700081330e+02
3.211000000000000e-12 -4.406080873922954e+02 1.889696456230102e+02
3.224000000000000e-12 -4.405943769093623e+02 1.881618606262846e+02
3.237000000000000e-12 -4.406092039372594e+02 1.983137807251413e+02
3.250000000000000e-12 -4.406398240251906e+02 2.122526745407452e+02
3.263000000000000e-12 -4.406496994037569e+02 2.161987956094963e+02
3.276000000000000e-12 -4.406236214330453e+02 2.061350902463338e+02
3.289000000000000e-12 -4.405953485977473e+02 1.927609048299776e+02
3.302000000000000e-12 -4.405988664092982e+02 1.879537997138979e+02
3.315000000000000e-12 -4.406089381778563e+02 1.923176395519831e+02
3.328000000000000e-12 -4.406227111742949e+02 2.004644907686816e+02
3.341000000000000e-12 -4.406185843920759e+02 2.080641759769765e+02
3.354000000000000e-12 -4.406240909186735e+02 2.135255694654659e+02
3.367000000000000e-12 -4.406343203550591e+02 2.142386369474408e+02
3.380000000000000e-12 -4.406204376662518e+02 2.079844158216552e+02
3.393000000000000e-12 -4.406126534124443e+02 1.989378251512763e+02
3.406000000000000e-12 -4.406047509126248e+02 1.927068726098702e+02
3.419000000000000e-12 -4.406100703080435e+02 1.917339566697233e+02
3.432000000000000e-12 -4.406200157206522e+02 1.942395775785406e+02
3.445000000000000e-12 -4.406238991333968e+02 1.958261007051224e+02
3.458000000000000e-12 -4.406136900270720e+02 1.961384232312437e+02
3.471000000000000e-12 -4.406137393333022e+02 1.993579788942012e+02
3.484000000000000e-12 -4.406270283199319e+02 2.050489836393326e+02
3.497000000000000e-12 -4.406303531416607e+02 2.085580218446728e+02
3.510000000000000e-12 -4.406272022502757e+02 2.076448682150918e+02
3.523000000000000e-12 -4.406165762154799e+02 2.036509258518631e+02
3.536000000000000e-12 -4.406122844038013e+02 1.999185250902891e+02
3.549000000000000e-12 -4.406127863009976e+02 1.989676865358749e+02
3.562000000000000e-12 -4.406129478920307e+02 2.014564813547280e+02
3.575000000000000e-12 -4.406270642078476e+02 2.054119531916306e+02
3.588000000000000e-12 -4.406311251164261e+02 2.054180612091931e+02
3.601000000000000e-12 -4.406188307301196e+02 1.999830429791108e+02
3.614000000000000e-12 -4.406095563979268e+02 1.938967696131913e+02
3.627000000000000e-12 -4.406090587858114e+02 1.914177977646684e+02
3.640000000000000e-12 -4.406137050257162e+02 1.928956756165601e+02
3.653000000000000e-12 -4.406106120013316e+02 1.966459416699507e+02
3.666000000000000e-12 -4.406112744976936e+02 2.029516112066092e+02
3.679000000000000e-12 -4.406299053152064e+02 2.102907057051440e+02
3.692000000000000e-12 -4.406333733980788e+02 2.131163658551486e+02
3.705000000000000e-12 -4.406292677174730e+02 2.085537644152738e+02
3.718000000000000e-12 -4.406084133972254e+02 1.999634055040181e+02
3.731000000000000e-12 -4.406013098543586e+02 1.956147942573400e+02
3.744000000000000e-12 -4.406167531351650e+02 1.990141799672714e+02
3.757000000000000e-12 -4.406327095771083e+02 2.041731212002547e+02
3.770000000000000e-12 -4.406330683068943e+02 2.039582838274474e+02
3.783000000000000e-12 -4.406205485047242e+02 1.975070961312824e+02
3.796000000000000e-12 -4.406055551439638e+02 1.902297570242620e+02
3.809000000000000e-12 -4.406069026672245e+02 1.884247774427919e+02
3.822000000000000e-12 -4.406199740891724e+02 1.915535210044817e+02
3.835000000000000e-12 -4.406149187830701e+02 1.955170321554463e+02
3.848000000000000e-12 -4.406168108056029e+02 2.003649379489384e+02
3.861000000000000e-12 -4.406256292862240e+02 2.052141432711630e+02
3.874000000000000e-12 -4.406258028274945e+02 2.070362743093502e+02
3.887000000000000e-12 -4.406168130801988e+02 2.057142807376157e+02
3.900000000000000e-12 -4.406185762202339e+02 2.041197327851629e+02
3.913000000000000e-12 -4.406257951898735e+02 2.020906168852160e+02
3.926000000000000e-12 -4.406204303662648e+02 1.974547729609766e+02
3.939000000000000e-12 -4.406025057104144e+02 1.938693293727401e+02
3.952000000000000e-12 -4.406070667251912e+02 1.972670566933601e+02
3.965000000000000e-12 -4.406277216708472e+02 2.055405789218988e+02
3.978000000000000e-12 -4.406388421397910e+02 2.101596246023798e+02
3.991000000000000e-12 -4.406377883398181e+02 2.058537640589314e+02
4.004000000000000e-12 -4.406111192713420e+02 1.958006790752928e+02
4.017000000000000e-12 -4.406015194596494e+02 1.888303130444313e+02
4.030000000000000e-12 -4.406066021517025e+02 1.902066379331195e+02
4.043000000000000e-12 -4.406280076078708e+02 1.972080665001367e+02
4.056000000000000e-12 -4.406361672816752e+02 2.014113969259693e+02
4.069000000000000e-12 -4.406209666823188e+02 1.989342137333960e+02
4.082000000000000e-12 -4.406091279387872e+02 1.947929279872707e+02
4.095000000000000e-12 -4.406119510879591e+02 1.946086381458912e+02
4.108000000000000e-12 -4.406223372918856e+02 1.980590913827610e+02
4.121000000000000e-12 -4.406239107233907e+02 2.015181956783811e+02
4.134000000000000e-12 -4.406280908415340e+02 2.032659919738348e+02
4.147000000000000e-12 -4.406286457658776e+02 2.022000132310291e+02
4.160000000000000e-12 -4.406218040525430e+02 1.984484468137259e+02
4.173000000000000e-12 -4.406153713692223e+02 1.947986352984325e+02
4.186000000000000e-12 -4.406063021046565e+02 1.960759492655410e+02
4.199000000000000e-12 -4.406266793932240e+02 2.039961255494406e+02
4.212000000000000e-12 -4.406434075586358e+02 2.111328123899175e+02
4.225000000000000e-12 -4.406405795884078e+02 2.097777154045563e+02
4.238000000000000e-12 -4.406164525903413e+02 2.017104951666329e+02
4.251000000000000e-12 -4.406063741919112e+02 1.959780033167402e+02
4.264000000000000e-12 -4.406262773920496e+02 1.968224080096705e+02
4.277000000000000e-12 -4.406342355112120e+02 1.977313799479739e+02
4.290000000000000e-12 -4.406318927409969e+02 1.934519104719337e+02
4.303000000000000e-12 -4.406072397172641e+02 1.872536363931108e+02
4.316000000000000e-12 -4.406007682027898e+02 1.880226049832392e+02
4.329000000000000e-12 -4.406194308199993e+02 1.986228187099642e+02
4.342000000000000e-12 -4.406424010382549e+02 2.110003412766625e+02
4.355000000000000e-12 -4.406347980752229e+02 2.168989298965226e+02
4.368000000000000e-12 -4.406317683871462e+02 2.162992388515349e+02
4.381000000000000e-12 -4.406245832730752e+02 2.123260327195611e+02
4.394000000000000e-12 -4.406226448185680e+02 2.070359631374965e+02
4.407000000000000e-12 -4.406207628928622e+02 2.011848324965232e+02
4.420000000000000e-12 -4.406247935890192e+02 1.943413060901625e+02
4.433000000000000e-12 -4.406081937827336e+02 1.872934671860352e+02
4.446000000000000e-12 -4.405996579985811e+02 1.860802738324269e+02
4.459000000000000e-12 -4.406222484437243e+02 1.933168540540066e+02
4.472000000000000e-12 -4.406393535720407e+02 2.007222536531495e+02
4.485000000000000e-12 -4.406342671196035e+02 2.012407436610819e+02
4.498000000000000e-12 -4.406131374830570e+02 1.984680757749320e+02
4.511000000000000e-12 -4.406197718707394e+02 2.002570766803780e+02
4.524000000000000e-12 -4.406460782108975e+02 2.038639619901176e+02
4.537000000000000e-12 -4.406311391177690e+02 2.006746523220662e+02
4.550000000000000e-12 -4.406050809144681e+02 1.952407750884864e+02
4.563000000000000e-12 -4.406131954817817e+02 1.972204984905187e+02
4.576000000000000e-12 -4.406372604208286e+02 2.041851612846306e+02
4.589000000000000e-12 -4.406416170007226e+02 2.057574892845997e+02
4.602000000000000e-12 -4.406152381314179e+02 2.010118963025763e+02
4.615000000000000e-12 -4.406103868250496e+02 1.981204901985651e+02
4.628000000000000e-12 -4.406292366826423e+02 1.992340174054930e+02
4.641000000000000e-12 -4.406300352743564e+02 1.989291119088931e+02
4.654000000000000e-12 -4.406124764190782e+02 1.972004041446033e+02
4.667000000000000e-12 -4.406219823843728e+02 1.999318549737690e+02
4.680000000000000e-12 -4.406437200799787e+02 2.050188142410737e+02
4.693000000000000e-12 -4.406456762605686e+02 2.041138091755657e+02
4.706000000000000e-12 -4.406204015638567e+02 1.975043222242428e+02
4.719000000000000e-12 -4.406138785476979e+02 1.936330298422895e+02
4.732000000000000e-12 -4.406153040966416e+02 1.951476773233788e+02
4.745000000000000e-12 -4.406229037783619e+02 1.997744542409097e+02
4.758000000000000e-12 -4.406222994152641e+02 2.049554090932892e+02
4.771000000000000e-12 -4.406234063577543e+02 2.089235671563426e+02
4.784000000000000e-12 -4.406327474043143e+02 2.101391610967561e+02
4.797000000000000e-12 -4.406246526149008e+02 2.064207765155379e+02
4.810000000000000e-12 -4.406155585161505e+02 2.007450164078468e+02
4.823000000000000e-12 -4.406148925552274e+02 1.975366696041010e+02
4.836000000000000e-12 -4.406231191028386e+02 1.973996330779900e+02
4.849000000000000e-12 -4.406270958479026e+02 1.979944658457492e+02
4.862000000000000e-12 -4.406212036220419e+02 1.974391312445946e+02
4.875000000000000e-12 -4.406163502717241e+02 1.977630336996892e+02
4.888000000000000e-12 -4.406270283435779e+02 2.005878379856258e+02
4.901000000000000e-12 -4.406375098366572e+02 2.019600101621510e+02
4.914000000000000e-12 -4.406270269095757e+02 1.987062760704210e+02
4.927000000000000e-12 -4.406134573187270e+02 1.949008902155474e+02
4.940000000000000e-12 -4.406156116509111e+02 1.961343705345409e+02
4.953000000000000e-12 -4.406316039323598e+02 2.013237096818839e+02
4.966000000000000e-12 -4.406377531008966e+02 2.038358021333054e+02
4.979000000000000e-12 -4.406272836411920e+02 2.004074514950053e+02
4.992000000000000e-12 -4.406068680673963e+02 1.959369533320528e+02
5.005000000000000e-12 -4.406109760427645e+02 1.975147490269454e+02
5.018000000000000e-12 -4.406318630295854e+02 2.040912042993083e+02
5.031000000000000e-12 -4.406457069899571e+02 2.075357640045938e+02
5.044000000000000e-12 -4.406368386357706e+02 2.027450412537444e+02
5.057000000000000e-12 -4.406213420939714e+02 1.930243764473483e+02
5.070000000000000e-12 -4.406036151532873e+02 1.864779714403416e+02
5.083000000000000e-12 -4.406010352532872e+02 1.905314019059668e+02
5.096000000000000e-12 -4.406232682845813e+02 2.056539206699937e+02
5.109000000000000e-12 -4.406598860726230e+02 2.205424980151044e+02
5.122000000000000e-12 -4.406625694991955e+02 2.202587712359165e+02
5.135000000000000e-12 -4.406259344303498e+02 2.038425470569523e+02
5.148000000000000e-12 -4.405863999233844e+02 1.874013273229014e+02
5.161000000000000e-12 -4.405950562643428e+02 1.864457470332729e+02
5.174000000000000e-12 -4.406371302096574e+02 1.972398906507732e+02
5.187000000000000e-12 -4.406464509776455e+02 2.044093452764162e+02
5.200000000000000e-12 -4.406320646742726e+02 2.017061866060306e+02
5.213000000000000e-12 -4.406061736374965e+02 1.962048575906408e+02
5.226000000000000e-12 -4.406113402813294e+02 1.977656836507736e+02
5.239000000000000e-12 -4.406399955235506e+02 2.043292150000139e+02
5.252000000000000e-12 -4.406432269657134e+02 2.053396987024878e+02
5.265000000000000e-12 -4.406289150230937e+02 1.986264964178883e+02
5.278000000000000e-12 -4.406183305721490e+02 1.900109921020551e+02
5.291000000000000e-12 -4.406067467781924e+02 1.855442494542043e+02
5.304000000000000e-12 -4.406034593179950e+02 1.907674559080102e+02
5.317000000000000e-12 -4.406292247688096e+02 2.052479740123737e+02
5.330000000000000e-12 -4.406601286824392e+02 2.168333587387798e+02
5.343000000000000e-12 -4.406451469657279e+02 2.142454809793575e+02
5.356000000000000e-12 -4.406162607761982e+02 2.033913920288021e+02
5.369000000000000e-12 -4.406064263048229e+02 1.962632595057767e+02
5.382000000000000e-12 -4.406220723055502e+02 1.963783142295383e+02
5.395000000000000e-12 -4.406286672884161e+02 1.990635747642380e+02
5.408000000000000e-12 -4.406189075665829e+02 2.018833710439685e+02
5.421000000000000e-12 -4.406280771264269e+02 2.072402220377982e+02
5.434000000000000e-12 -4.406445421047900e+02 2.110586452426912e+02
5.447000000000000e-12 -4.406296758134669e+02 2.078914414195875e+02
5.460000000000000e-12 -4.406164451568330e+02 2.017816279851531e+02
5.473000000000000e-12 -4.406281474949913e+02 1.977136048928707e+02
5.486000000000000e-12 -4.406341844920949e+02 1.932413361689287e+02
5.499000000000000e-12 -4.406084209942083e+02 1.880303675737147e+02
5.512000000000000e-12 -4.406038717193419e+02 1.905699548394883e+02
5.525000000000000e-12 -4.406366106905323e+02 2.014601487847894e+02
5.538000000000000e-12 -4.406501424509189e+02 2.085377999495934e+02
5.551000000000000e-12 -4.406335806510979e+02 2.058098357882703e+02
5.564000000000000e-12 -4.406122764913426e+02 1.994070789757018e+02
5.577000000000000e-12 -4.406158260612532e+02 1.977042035211672e+02
5.590000000000000e-12 -4.406191681219135e+02 2.017192424236821e+02
5.603000000000000e-12 -4.406345715261049e+02 2.082980984446466e+02
5.616000000000000e-12 -4.406541341921071e+02 2.106623765571118e+02
5.629000000000000e-12 -4.406447500288800e+02 2.022359550923158e+02
5.642000000000000e-12 -4.406094873452988e+02 1.881619102976679e+02
5.655000000000000e-12 -4.406012522174273e+02 1.820595850520888e+02
5.668000000000000e-12 -4.406231680579143e+02 1.881976592950747e+02
5.681000000000000e-12 -4.406419192869149e+02 1.975027436298513e+02
5.694000000000000e-12 -4.406341725723761e+02 2.025959394855979e+02
5.707000000000000e-12 -4.406255676717374e+02 2.048505536058751e+02
5.720000000000000e-12 -4.406210698204122e+02 2.083556353071619e+02
5.733000000000000e-12 -4.406365055265360e+02 2.129799859554409e+02
5.746000000000000e-12 -4.406449344768976e+02 2.128314678761693e+02
5.759000000000000e-12 -4.406274994677013e+02 2.053207877349444e+02
5.772000000000000e-12 -4.406168738169127e+02 1.956665406884551e+02
5.785000000000000e-12 -4.406071864096990e+02 1.895459628819467e+02
5.798000000000000e-12 -4.406053407329535e+02 1.909394096060484e+02
5.811000000000000e-12 -4.406185229022512e+02 1.999361573083090e+02
5.824000000000000e-12 -4.406423215987640e+02 2.094654845240606e+02
5.837000000000000e-12 -4.406423268459113e+02 2.096022040816814e+02
5.850000000000000e-12 -4.406143172686247e+02 2.003955098770901e+02
5.863000000000000e-12 -4.405983088230514e+02 1.939726264318362e+02
5.876000000000000e-12 -4.406193340192582e+02 1.972020827038763e+02
5.889000000000000e-12 -4.406408553780959e+02 2.027739758857255e+02
5.902000000000000e-12 -4.406380719505058e+02 2.016863821532365e+02
5.915000000000000e-12 -4.406143681014189e+02 1.955603727219333e+02
5.928000000000000e-12 -4.406074511910010e+02 1.930143255562080e+02
5.941000000000000e-12 -4.406266629964545e+02 1.968358987537967e+02
5.954000000000000e-12 -4.406354194649952e+02 2.009560070609869e+02
5.967000000000000e-12 -4.406288022985228e+02 2.005141245241359e+02
5.980000000000000e-12 -4.406215066903256e+02 1.972619007493784e+02
5.993000000000000e-12 -4.406155838060880e+02 1.951624888574289e+02
6.006000000000000e-12 -4.406233352656370e+02 1.965438300083008e+02
6.019000000000000e-12 -4.406351605974959e+02 1.986263769196165e+02
6.032000000000000e-12 -4.406207256237871e+02 1.978895713072298e+02
6.045000000000000e-12 -4.406096396387303e+02 1.987266720719138e+02
6.058000000000000e-12 -4.406203170269723e+02 2.055157129345428e+02
6.071000000000000e-12 -4.406344519751992e+02 2.145654201443772e+02
6.084000000000000e-12 -4.406516548704205e+02 2.181509321023455e+02
6.097000000000000e-12 -4.406422020021375e+02 2.105764817510011e+02
6.110000000000000e-12 -4.406086457059742e+02 1.968570789155795e+02
6.123000000000000e-12 -4.405974989405202e+02 1.900716299836795e+02
6.136000000000000e-12 -4.406221174281702e+02 1.950969951392022e+02
6.149000000000000e-12 -4.406523941503896e+02 2.021237731249404e+02
6.162000000000000e-12 -4.406386252009616e+02 2.002093403294361e+02
6.175000000000000e-12 -4.406101751025973e+02 1.931608219296403e+02
6.188000000000000e-12 -4.406042821999213e+02 1.920339571274214e+02
6.201000000000000e-12 -4.406285862089369e+02 1.993020802598791e+02
6.214000000000000e-12 -4.406466249921030e+02 2.056736291759202e+02
6.227000000000000e-12 -4.406299381580733e+02 2.045805941313301e+02
6.240000000000000e-12 -4.406172950235614e+02 2.015046239032698e+02
6.253000000000000e-12 -4.406257134184371e+02 2.013045288093048e+02
6.266000000000000e-12 -4.406290629917993e+02 2.026803187384708e+02
6.279000000000000e-12 -4.406354703894403e+02 2.041113154965406e+02
6.292000000000000e-12 -4.406424400931521e+02 2.029961131430597e+02
6.305000000000000e-12 -4.406291680676752e+02 1.985338365412690e+02
6.318000000000000e-12 -4.406221826837651e+02 1.956667364739546e+02
6.331000000000000e-12 -4.406294976801186e+02 1.977439011068545e+02
6.344000000000000e-12 -4.406495292761808e+02 2.006872395246679e+02
6.357000000000000e-12 -4.406374053626202e+02 1.969675958190798e+02
6.370000000000000e-12 -4.406070293884740e+02 1.900386056035874e+02
6.383000000000000e-12 -4.406000464705114e+02 1.913292747791905e+02
6.396000000000000e-12 -4.406243483487222e+02 2.030788259500697e+02
6.409000000000000e-12 -4.406503089165539e+02 2.147029491369731e+02
6.422000000000000e-12 -4.406520827441184e+02 2.148178618895647e+02
6.435000000000000e-12 -4.406346463590758e+02 2.019404944739603e+02
6.448000000000000e-12 -4.406026150306944e+02 1.850867173257846e+02
6.461000000000000e-12 -4.405944759558403e+02 1.775612981812478e+02
6.474000000000000e-12 -4.406096348874128e+02 1.838296712006851e+02
6.487000000000000e-12 -4.406285692608375e+02 1.972275374674596e+02
6.500000000000000e-12 -4.406381990946375e+02 2.085047004593039e+02
6.513000000000000e-12 -4.406359962655122e+02 2.126076583047988e+02
6.526000000000000e-12 -4.406287843079180e+02 2.110305670151374e+02
6.539000000000000e-12 -4.406253108612186e+02 2.074662033585385e+02
6.552000000000000e-12 -4.406336004219720e+02 2.026366310412635e+02
6.565000000000000e-12 -4.406234379537948e+02 1.958327713876620e+02
6.578000000000000e-12 -4.406102564715254e+02 1.909241268825695e+02
6.591000000000000e-12 -4.406162514584059e+02 1.937429280985077e+02
6.604000000000000e-12 -4.406352437975054e+02 2.022086637999889e+02
6.617000000000000e-12 -4.406459152682360e+02 2.077165781811803e+02
6.630000000000000e-12 -4.406380996526586e+02 2.048842880567986e+02
6.643000000000000e-12 -4.406214295306562e+02 1.976043610803220e+02
6.656000000000000e-12 -4.406170638649460e+02 1.930318406258224e+02
6.669000000000000e-12 -4.406255724143566e+02 1.934852985119437e+02
6.682000000000000e-12 -4.406316178970433e+02 1.956211595892565e+02
6.695000000000000e-12 -4.406235378303786e+02 1.967228999734707e+02
6.708000000000000e-12 -4.406183932083405e+02 2.002149876648148e+02
6.721000000000000e-12 -4.406491395710152e+02 2.056587835390563e+02
6.734000000000000e-12 -4.406425353043754e+02 2.049532503810524e+02
6.747000000000000e-12 -4.406237994948320e+02 1.985071702285197e+02
6.760000000000000e-12 -4.406102328118372e+02 1.948217914529770e+02
6.773000000000000e-12 -4.406228266526938e+02 1.981409350015961e+02
6.786000000000000e-12 -4.406301444473453e+02 2.042582610109674e+02
6.799000000000000e-12 -4.406392752746264e+02 2.074212739102129e+02
6.812000000000000e-12 -4.406349860934951e+02 2.049129036332293e+02
6.825000000000000e-12 -4.406185953869358e+02 1.990113025906959e+02
6.838000000000000e-12 -4.406060114535212e+02 1.974509759372162e+02
6.851000000000000e-12 -4.406335765597618e+02 2.027509430414802e+02
6.864000000000000e-12 -4.406444378604792e+02 2.060119297226458e+02
6.877000000000000e-12 -4.406284311812389e+02 2.021814500828377e+02
6.890000000000000e-12 -4.406227849635556e+02 1.964794171915451e+02
6.903000000000000e-12 -4.406202853110716e+02 1.941776546737463e+02
6.916000000000000e-12 -4.406183515715608e+02 1.974963989787421e+02
6.929000000000000e-12 -4.406362291848275e+02 2.044365595226091e+02
6.942000000000000e-12 -4.406402713700423e+02 2.083104640321188e+02
6.955000000000000e-12 -4.406395985096620e+02 2.060482919683776e+02
6.968000000000000e-12 -4.406240102225663e+02 1.998376677644852e+02
6.981000000000000e-12 -4.406210597688348e+02 1.948133405354506e+02
6.994000000000000e-12 -4.406279151745115e+02 1.918804684321240e+02
7.007000000000000e-12 -4.406217768367646e+02 1.899329357787783e+02
7.020000000000000e-12 -4.406168646109260e+02 1.915470480192498e+02
7.033000000000000e-12 -4.406234115629146e+02 1.976453456671999e+02
7.046000000000000e-12 -4.406368225507983e+02 2.045690150084645e+02
7.059000000000000e-12 -4.406373618639112e+02 2.075367094447732e+02
7.072000000000000e-12 -4.406278698566148e+02 2.055304284050031e+02
7.085000000000000e-12 -4.406172096118150e+02 2.021367935574358e+02
7.098000000000000e-12 -4.406192671685104e+02 2.009222911286539e+02
7.111000000000000e-12 -4.406223681109122e+02 2.018340085737081e+02
7.124000000000000e-12 -4.406351069630200e+02 2.019990015340200e+02
7.137000000000000e-12 -4.406291700864197e+02 1.976994844708411e+02
7.150000000000000e-12 -4.406123141264384e+02 1.910903090853008e+02
7.163000000000000e-12 -4.405984929253320e+02 1.903410313781240e+02
7.176000000000000e-12 -4.406162256200250e+02 2.000549348519883e+02
7.189000000000000e-12 -4.406442558599945e+02 2.131788872967384e+02
7.202000000000000e-12 -4.406580840717215e+02 2.167591974088006e+02
7.215000000000000e-12 -4.406285526776908e+02 2.066285346908156e+02
7.228000000000000e-12 -4.406113539054696e+02 1.926153041976026e+02
7.241000000000000e-12 -4.406111558762724e+02 1.838998007156357e+02
7.254000000000000e-12 -4.406174493068633e+02 1.820656818100893e+02
7.267000000000000e-12 -4.406086080860632e+02 1.869407942058671e+02
7.280000000000000e-12 -4.406234452175035e+02 1.994142912768709e+02
7.293000000000000e-12 -4.406462319977944e+02 2.128758612701212e+02
7.306000000000000e-12 -4.406411478431673e+02 2.177095107580749e+02
7.319000000000000e-12 -4.406354604358966e+02 2.126717396378471e+02
7.332000000000000e-12 -4.406151252308228e+02 2.021610945759497e+02
7.345000000000000e-12 -4.406023887071806e+02 1.936743402025136e+02
7.358000000000000e-12 -4.406039833267162e+02 1.933427073694527e+02
7.371000000000000e-12 -4.406185572437215e+02 2.004382584454354e+02
7.384000000000000e-12 -4.406338658094968e+02 2.085203306747224e+02
7.397000000000000e-12 -4.406415304074032e+02 2.104011325367775e+02
7.410000000000000e-12 -4.406327258488902e+02 2.030588678084334e+02
7.423000000000000e-12 -4.406072586746461e+02 1.915408935087454e+02
7.436000000000000e-12 -4.406000316932975e+02 1.864295789908427e+02
7.449000000000000e-12 -4.406171389933643e+02 1.915848253594494e+02
7.462000000000000e-12 -4.406376478972555e+02 1.998341139939944e+02
7.475000000000000e-12 -4.406314628480220e+02 2.034242372820170e+02
7.488000000000000e-12 -4.406175862402748e+02 2.040855125628367e+02
7.501000000000000e-12 -4.406283689398631e+02 2.054467403530929e+02
7.514000000000000e-12 -4.406317549932476e+02 2.042150939432247e+02
7.527000000000001e-12 -4.406136273176746e+02 1.998798568407403e+02
7.540000000000001e-12 -4.406145673428398e+02 1.974736185404898e+02
7.553000000000001e-12 -4.406242400918936e+02 1.978065206220103e+02
7.566000000000001e-12 -4.406194294701112e+02 1.979099229375612e+02
7.578999999999999e-12 -4.406112725214960e+02 1.986416979084335e+02
7.591999999999999e-12 -4.406219836237373e+02 2.019675509548444e+02
7.604999999999999e-12 -4.406326433712433e+02 2.041678301100218e+02
7.617999999999999e-12 -4.406226961124294e+02 2.015991232989689e+02
7.630999999999999e-12 -4.406072170259178e+02 1.984461763844974e+02
7.643999999999999e-12 -4.406114121808927e+02 2.009014639029388e+02
7.656999999999999e-12 -4.406309345564823e+02 2.071114828117497e+02
7.669999999999999e-12 -4.406423121421279e+02 2.087963029835311e+02
7.682999999999999e-12 -4.406238535022314e+02 2.021487972538940e+02
7.696000000000000e-12 -4.406027395850384e+02 1.944205233875509e+02
7.709000000000000e-12 -4.406046543669633e+02 1.942340851704043e+02
7.722000000000000e-12 -4.406252971479180e+02 2.013877632654102e+02
7.735000000000000e-12 -4.406444269168935e+02 2.077745074664823e+02
7.748000000000000e-12 -4.406480169741038e+02 2.045054106331579e+02
7.761000000000000e-12 -4.406171535029514e+02 1.913363672367139e+02
7.774000000000000e-12 -4.405855680926634e+02 1.810035968014613e+02
7.787000000000000e-12 -4.405998263297212e+02 1.856178414959368e+02
7.800000000000000e-12 -4.406316706928233e+02 2.003177031154770e+02
7.813000000000000e-12 -4.406409640860088e+02 2.111700302223373e+02
7.826000000000000e-12 -4.406321914290028e+02 2.122698415423235e+02
7.839000000000000e-12 -4.406161752601169e+02 2.078022838464385e+02
7.852000000000000e-12 -4.406141570853435e+02 2.048905981351400e+02
7.865000000000000e-12 -4.406315218885767e+02 2.040908535405069e+02
7.878000000000000e-12 -4.406265074299003e+02 1.999168748084452e+02
7.891000000000000e-12 -4.406162694043386e+02 1.929101927857654e+02
7.904000000000000e-12 -4.406043449122228e+02 1.891196396307406e+02
7.917000000000000e-12 -4.406074841187323e+02 1.932527415067366e+02
7.930000000000000e-12 -4.406282648061737e+02 2.037093796108625e+02
7.943000000000000e-12 -4.406465474962017e+02 2.116119697328938e+02
7.956000000000000e-12 -4.406442026600330e+02 2.084426544394557e+02
7.969000000000000e-12 -4.406105366282741e+02 1.958585787012449e+02
7.982000000000001e-12 -4.405791045771778e+02 1.881062729429298e+02
7.995000000000001e-12 -4.406003247158308e+02 1.968891841300077e+02
8.008000000000001e-12 -4.406443063047694e+02 2.140677732056524e+02
8.021000000000001e-12 -4.406604257875580e+02 2.213716840627555e+02
8.033999999999999e-12 -4.406424685178002e+02 2.112107523671005e+02
8.046999999999999e-12 -4.406048648953480e+02 1.923352056779513e+02
8.059999999999999e-12 -4.405816038289361e+02 1.830051293370223e+02
8.072999999999999e-12 -4.406111300705761e+02 1.925038742559885e+02
8.085999999999999e-12 -4.406521467151060e+02 2.087672273683998e+02
8.098999999999999e-12 -4.406569950194861e+02 2.142062162637679e+02
8.111999999999999e-12 -4.406349124319329e+02 2.056681348601696e+02
8.124999999999999e-12 -4.405982484587595e+02 1.944239752220072e+02
8.137999999999999e-12 -4.405991884382004e+02 1.943178828992587e+02
8.150999999999999e-12 -4.406428864628872e+02 2.044983665778470e+02
8.164000000000000e-12 -4.406623478988151e+02 2.091807120774592e+02
8.177000000000000e-12 -4.406414107321763e+02 2.000765554376292e+02
8.190000000000000e-12 -4.406049797255339e+02 1.863475295547467e+02
8.203000000000000e-12 -4.406048992852147e+02 1.814571390848288e+02
8.216000000000000e-12 -4.406281798582713e+02 1.866449652658671e+02
8.229000000000000e-12 -4.406318084275798e+02 1.932914764248378e+02
8.242000000000000e-12 -4.406168349679855e+02 1.983051577526535e+02
8.255000000000000e-12 -4.406156211911232e+02 2.055894792736011e+02
8.268000000000000e-12 -4.406278360134401e+02 2.152562591930607e+02
8.281000000000000e-12 -4.406474812205241e+02 2.202784441514575e+02
8.294000000000000e-12 -4.406381648648552e+02 2.141572000446635e+02
8.307000000000000e-12 -4.406178617795091e+02 1.999403399920977e+02
8.320000000000000e-12 -4.405991221820238e+02 1.878193252812230e+02
8.333000000000000e-12 -4.406003402781294e+02 1.859689807141564e+02
8.346000000000000e-12 -4.406189137295367e+02 1.940001701276255e+02
8.359000000000000e-12 -4.406429752505893e+02 2.032906615599686e+02
8.372000000000000e-12 -4.406458888019426e+02 2.040673503801696e+02
8.385000000000000e-12 -4.406124672721897e+02 1.966103562431091e+02
8.398000000000000e-12 -4.405991865172554e+02 1.920784360268705e+02
8.411000000000000e-12 -4.406141909340932e+02 1.969789013784854e+02
8.424000000000000e-12 -4.406338221165748e+02 2.059720343339902e+02
8.437000000000001e-12 -4.406330607530321e+02 2.108762149624725e+02
8.450000000000001e-12 -4.406211285792287e+02 2.116214772944801e+02
8.463000000000001e-12 -4.406265224331098e+02 2.119390828047994e+02
8.476000000000001e-12 -4.406383080812898e+02 2.098843578995669e+02
8.489000000000001e-12 -4.406328638137272e+02 2.016352005007217e+02
8.501999999999999e-12 -4.406133487567474e+02 1.900374575203971e+02
8.514999999999999e-12 -4.405945138642419e+02 1.849626469114792e+02
8.527999999999999e-12 -4.406257600639158e+02 1.922396871318999e+02
8.540999999999999e-12 -4.406547669375045e+02 2.010967098624266e+02
8.553999999999999e-12 -4.406345606723208e+02 1.993982064396107e+02
8.566999999999999e-12 -4.405960674018713e+02 1.946597364377029e+02
8.579999999999999e-12 -4.406087149813546e+02 2.007236809310924e+02
8.592999999999999e-12 -4.406518630786334e+02 2.133621191978607e+02
8.605999999999999e-12 -4.406563461613418e+02 2.165262559696999e+02
8.619000000000000e-12 -4.406268890950206e+02 2.069224058235041e+02
8.632000000000000e-12 -4.406110831316382e+02 1.956014714448729e+02
8.645000000000000e-12 -4.406122524429855e+02 1.907038085809530e+02
8.658000000000000e-12 -4.406198237629652e+02 1.925680754429796e+02
8.671000000000000e-12 -4.406324009177786e+02 1.973366143957951e+02
8.684000000000000e-12 -4.406297770677753e+02 1.995212250926301e+02
8.697000000000000e-12 -4.406305717747335e+02 1.987691806254813e+02
8.710000000000000e-12 -4.406259144960121e+02 1.966171584119403e+02
8.723000000000000e-12 -4.406120342639653e+02 1.955850253043469e+02
8.736000000000000e-12 -4.406120515835277e+02 2.009013979041021e+02
8.749000000000000e-12 -4.406462445392455e+02 2.104962317134252e+02
8.762000000000000e-12 -4.406492780369951e+02 2.132116768163411e+02
8.775000000000000e-12 -4.406281025475499e+02 2.057797511922161e+02
8.788000000000000e-12 -4.406112507938738e+02 1.960983119282799e+02
8.801000000000000e-12 -4.406114900729692e+02 1.918386348657615e+02
8.814000000000000e-12 -4.406193297441538e+02 1.935585904187022e+02
8.827000000000000e-12 -4.406252169007108e+02 1.979185522039762e+02
8.840000000000000e-12 -4.406325343419281e+02 2.013620205761075e+02
8.853000000000000e-12 -4.406373670565923e+02 2.005195427117260e+02
8.866000000000000e-12 -4.406220923580413e+02 1.949710573722624e+02
8.879000000000000e-12 -4.406104576164956e+02 1.902317972974375e+02
8.892000000000000e-12 -4.406095463386877e+02 1.925605456330469e+02
8.905000000000001e-12 -4.406309971849113e+02 2.014158240816288e+02
8.918000000000001e-12 -4.406413241220037e+02 2.094184339306563e+02
8.931000000000001e-12 -4.406389414406979e+02 2.112626377117133e+02
8.944000000000001e-12 -4.406328484671167e+02 2.070602789243347e+02
8.956999999999999e-12 -4.406260392280017e+02 1.991311521350551e+02
8.969999999999999e-12 -4.406076323812253e+02 1.914755464534302e+02
8.982999999999999e-12 -4.406060244270910e+02 1.906351244456242e+02
8.995999999999999e-12 -4.406237103318844e+02 1.973688191919156e+02
9.008999999999999e-12 -4.406407035369619e+02 2.040808603213486e+02
9.021999999999999e-12 -4.406356455609627e+02 2.043005013713401e+02
9.034999999999999e-12 -4.406180566298700e+02 2.000514894071118e+02
9.047999999999999e-12 -4.406127581401361e+02 1.983376209145477e+02
9.060999999999999e-12 -4.406219324597566e+02 2.017509398082129e+02
9.074000000000000e-12 -4.406363031813554e+02 2.067858685404779e+02
9.087000000000000e-12 -4.406424474066367e+02 2.073596481103108e+02
9.100000000000000e-12 -4.406258454896752e+02 2.011394194831398e+02
9.113000000000000e-12 -4.406062105469958e+02 1.948729050785255e+02
9.126000000000000e-12 -4.406181571916928e+02 1.962703200326381e+02
9.139000000000000e-12 -4.406387053593939e+02 2.010168312994481e+02
9.152000000000000e-12 -4.406346818219782e+02 2.009061038435633e+02
9.165000000000000e-12 -4.406208653587561e+02 1.970530611942336e+02
9.178000000000000e-12 -4.406148867930127e+02 1.954079762068670e+02
9.191000000000000e-12 -4.406228492554087e+02 1.989791549425836e+02
9.204000000000000e-12 -4.406337260893104e+02 2.049583143674768e+02
9.217000000000000e-12 -4.406450551115363e+02 2.077872483948713e+02
9.230000000000000e-12 -4.406308301666950e+02 2.041775380153108e+02
9.243000000000000e-12 -4.406142916640177e+02 1.987101631912877e+02
9.256000000000000e-12 -4.406091232777543e+02 1.992237711180555e+02
9.269000000000000e-12 -4.406385743573541e+02 2.058980358346589e+02
9.282000000000000e-12 -4.406482803008306e+02 2.084825395967234e+02
9.295000000000000e-12 -4.406277321571748e+02 2.035445997615787e+02
9.308000000000000e-12 -4.406203735691420e+02 1.981416560757761e+02
9.321000000000000e-12 -4.406206331563235e+02 1.963171267474727e+02
9.334000000000000e-12 -4.406253336790638e+02 1.976378764524966e+02
9.347000000000000e-12 -4.406304332199119e+02 1.997331927472733e+02
9.360000000000001e-12 -4.406304809898056e+02 1.996385266606321e+02
9.373000000000001e-12 -4.406224406825499e+02 1.968547881482048e+02
9.386000000000001e-12 -4.406168268498960e+02 1.940649983288750e+02
9.399000000000001e-12 -4.406204707093353e+02 1.933650830798359e+02
9.411999999999999e-12 -4.406140636132414e+02 1.947971446155996e+02
9.424999999999999e-12 -4.406180848563068e+02 1.996744208135377e+02
9.437999999999999e-12 -4.406315299945771e+02 2.067198524772180e+02
9.450999999999999e-12 -4.406419351628072e+02 2.104726635524860e+02
9.463999999999999e-12 -4.406355323033461e+02 2.086438089101556e+02
9.476999999999999e-12 -4.406365381318872e+02 2.025108294126021e+02
9.489999999999999e-12 -4.406236506964279e+02 1.941037947089202e+02
9.502999999999999e-12 -4.406119974438593e+02 1.891907972477869e+02
9.515999999999999e-12 -4.406230739162876e+02 1.922446395508491e+02
9.528999999999999e-12 -4.406372602696787e+02 1.997908421487637e+02
9.542000000000000e-12 -4.406465781362034e+02 2.045282342679203e+02
9.555000000000000e-12 -4.406306600884821e+02 2.033533008851487e+02
9.568000000000000e-12 -4.406216646130738e+02 2.010559397610488e+02
9.581000000000000e-12 -4.406260335107415e+02 2.022238069300055e+02
9.594000000000000e-12 -4.406314855296383e+02 2.052089377178567e+02
9.607000000000000e-12 -4.406302083779167e+02 2.071294797765796e+02
9.620000000000000e-12 -4.406350486725343e+02 2.066383293555139e+02
9.633000000000000e-12 -4.406346500500688e+02 2.026931991210452e+02
9.646000000000000e-12 -4.406235788468460e+02 1.960535170423534e+02
9.659000000000000e-12 -4.406135893985989e+02 1.912628875497919e+02
9.672000000000000e-12 -4.406190838541243e+02 1.933334216082036e+02
9.685000000000000e-12 -4.406417879022108e+02 1.996099604772800e+02
9.698000000000000e-12 -4.406455359454770e+02 2.015238254018840e+02
9.711000000000000e-12 -4.406277597756992e+02 1.971671835250051e+02
9.724000000000000e-12 -4.406197201032084e+02 1.932084022666588e+02
9.737000000000000e-12 -4.406181881893779e+02 1.947880775313952e+02
9.750000000000000e-12 -4.406257267698513e+02 2.027831198349175e+02
9.763000000000000e-12 -4.406533659987571e+02 2.113110192709354e+02
9.776000000000000e-12 -4.406500513074500e+02 2.102252588997806e+02
9.789000000000000e-12 -4.406244826169934e+02 2.000208837709238e+02
9.802000000000000e-12 -4.405993270233618e+02 1.919568188414723e+02
9.815000000000000e-12 -4.406084771541587e+02 1.946247409928763e+02
9.828000000000001e-12 -4.406366914312118e+02 2.038455950290881e+02
9.841000000000001e-12 -4.406427233183032e+02 2.093698579628655e+02
9.854000000000001e-12 -4.406311107503016e+02 2.077785827930752e+02
9.867000000000001e-12 -4.406193284059664e+02 2.033160076141624e+02
9.879999999999999e-12 -4.406256634798159e+02 2.001207855658415e+02
9.892999999999999e-12 -4.406277610770168e+02 1.974636789813381e+02
9.905999999999999e-12 -4.406238848615052e+02 1.945578927203119e+02
9.918999999999999e-12 -4.406249145530601e+02 1.916455179008452e+02
9.931999999999999e-12 -4.406156907526539e+02 1.901616133542980e+02
9.944999999999999e-12 -4.406230843746679e+02 1.928387304933774e+02
9.957999999999999e-12 -4.406259407687792e+02 1.985408848431541e+02
9.970999999999999e-12 -4.406340690119728e+02 2.039473518123175e+02
9.983999999999999e-12 -4.406360338009209e+02 2.060275651374635e+02
9.997000000000000e-12 -4.406384428549481e+02 2.032457812253836e+02
