0.000000000000000e+00 -4.399489224891250e+02 2.038022200000155e+02
8.000000000000001e-15 -4.399462417167792e+02 2.014005074771593e+02
1.600000000000000e-14 -4.399433338356507e+02 1.992809567802867e+02
2.400000000000000e-14 -4.399420598473789e+02 1.988163068204983e+02
3.200000000000000e-14 -4.399980259176847e+02 2.007079838246873e+02
4.000000000000001e-14 -4.400009658927668e+02 2.045760732901599e+02
4.800000000000000e-14 -4.400047057218246e+02 2.090902513794605e+02
5.600000000000000e-14 -4.400079055920343e+02 2.125299983039972e+02
6.400000000000000e-14 -4.400092503264426e+02 2.134164276527778e+02
7.200000000000001e-14 -4.400081205972787e+02 2.111178742243300e+02
8.000000000000001e-14 -4.400050120093151e+02 2.061274529554292e+02
8.800000000000000e-14 -4.400010727986265e+02 1.998631532598727e+02
9.600000000000001e-14 -4.399974289221361e+02 1.941589403662554e+02
1.040000000000000e-13 -4.399951303772814e+02 1.907052680269152e+02
1.120000000000000e-13 -4.399950849020415e+02 1.905280206727271e+02
1.200000000000000e-13 -4.399974964154940e+02 1.935869741096140e+02
1.280000000000000e-13 -4.400014883595287e+02 1.987089640964027e+02
1.360000000000000e-13 -4.400054390572143e+02 2.039923293649741e+02
1.440000000000000e-13 -4.400077564345448e+02 2.075433582925339e+02
1.520000000000000e-13 -4.400074852116137e+02 2.082193828360804e+02
1.600000000000000e-13 -4.400045372612738e+02 2.060962681916135e+02
1.680000000000000e-13 -4.400000316694737e+02 2.024951141272400e+02
1.760000000000000e-13 -4.399964070144963e+02 1.994231323926736e+02
1.840000000000000e-13 -4.399960957110653e+02 1.984802280033840e+02
1.920000000000000e-13 -4.399993342289127e+02 1.998367869624606e+02
2.000000000000000e-13 -4.400037169211705e+02 2.021352179040522e+02
2.080000000000000e-13 -4.400063424211831e+02 2.034679621139738e+02
2.160000000000000e-13 -4.400058770240119e+02 2.026225677578390e+02
2.240000000000000e-13 -4.400026007885849e+02 1.997524963202598e+02
2.320000000000000e-13 -4.399980145360208e+02 1.962996493491175e+02
2.400000000000000e-13 -4.399947545212507e+02 1.942793550026811e+02
2.480000000000000e-13 -4.399951535281111e+02 1.951118313361125e+02
2.560000000000000e-13 -4.399451004788459e+02 1.986691660460032e+02
2.640000000000000e-13 -4.398951996069696e+02 2.032739569763978e+02
2.720000000000000e-13 -4.398985489337170e+02 2.066987978990842e+02
2.800000000000000e-13 -4.398446939844188e+02 2.074269710714408e+02
2.880000000000000e-13 -4.398434021103246e+02 2.051483159113975e+02
2.960000000000000e-13 -4.398411834264689e+02 2.004880463955045e+02
3.040000000000000e-13 -4.398384729758864e+02 1.945923051353696e+02
3.120000000000000e-13 -4.398355507644475e+02 1.888617681734945e+02
3.200000000000001e-13 -4.398328902508161e+02 1.847768284517150e+02
3.280000000000000e-13 -4.398857187654753e+02 1.836896330393120e+02
3.360000000000000e-13 -4.399396697600783e+02 1.864733031860091e+02
3.440000000000000e-13 -4.399418560755245e+02 1.931168267586817e+02
3.520000000000000e-13 -4.399466794616634e+02 2.024226169549895e+02
3.600000000000000e-13 -4.399530035109470e+02 2.119663116735983e+02
3.680000000000000e-13 -4.400131111262072e+02 2.187142587570951e+02
3.760000000000000e-13 -4.400146585586823e+02 2.201771571647720e+02
3.840000000000000e-13 -4.400112778923103e+02 2.156139281112929e+02
3.920000000000000e-13 -4.400041931423847e+02 2.066084880375992e+02
4.000000000000000e-13 -4.399967771920902e+02 1.964455029052592e+02
4.080000000000000e-13 -4.399923220482983e+02 1.885965314628759e+02
4.160000000000000e-13 -4.399921591895894e+02 1.852122703729562e+02
4.240000000000000e-13 -4.399956116481567e+02 1.864399102572511e+02
4.320000000000000e-13 -4.400003927738299e+02 1.907277656170405e+02
4.400000000000000e-13 -4.400039138340879e+02 1.958694367088132e+02
4.480000000000000e-13 -4.400050943611307e+02 2.001608297097273e+02
4.560000000000001e-13 -4.400044991161368e+02 2.029553118329882e+02
4.640000000000000e-13 -4.400033302369566e+02 2.044890292681713e+02
4.720000000000000e-13 -4.400028826259867e+02 2.053263148524352e+02
4.800000000000001e-13 -4.400038733401667e+02 2.057533584543470e+02
4.880000000000000e-13 -4.400052503527951e+02 2.055023592314470e+02
4.960000000000000e-13 -4.400050601587319e+02 2.041746490318292e+02
5.040000000000001e-13 -4.400031813320853e+02 2.019580023047412e+02
5.120000000000000e-13 -4.400016005483988e+02 1.996759734067466e+02
5.200000000000000e-13 -4.400016392975370e+02 1.980736400239034e+02
5.280000000000001e-13 -4.400024799100814e+02 1.973035546922023e+02
5.360000000000000e-13 -4.400029785410138e+02 1.971592956141280e+02
5.440000000000000e-13 -4.400033516997700e+02 1.974806022728154e+02
5.520000000000001e-13 -4.400041702039761e+02 1.981320877936849e+02
5.600000000000000e-13 -4.400049819418486e+02 1.988336564392269e+02
5.680000000000000e-13 -4.400050150918998e+02 1.993009220774023e+02
5.760000000000001e-13 -4.400044482896756e+02 1.995013608553674e+02
5.840000000000000e-13 -4.400038982202445e+02 1.996213124046291e+02
5.920000000000000e-13 -4.400030717746349e+02 1.999021576324301e+02
6.000000000000001e-13 -4.400014991805901e+02 2.007325434964310e+02
6.080000000000000e-13 -4.400004885732229e+02 2.027075462028843e+02
6.160000000000000e-13 -4.400020516944833e+02 2.060749165167922e+02
6.240000000000001e-13 -4.400053906180110e+02 2.100479149257268e+02
6.320000000000000e-13 -4.400072149037755e+02 2.131590282799660e+02
6.400000000000001e-13 -4.400061309344723e+02 2.144869033937663e+02
6.480000000000001e-13 -4.400040313580605e+02 2.142341909015227e+02
6.560000000000000e-13 -4.400030479941070e+02 2.130866385252372e+02
6.640000000000001e-13 -4.400033688254441e+02 2.113688541327534e+02
6.720000000000001e-13 -4.400042586251611e+02 2.088696627275609e+02
6.800000000000000e-13 -4.400050531577666e+02 2.051334398012584e+02
6.880000000000001e-13 -4.399506079596786e+02 1.998776911520982e+02
6.960000000000001e-13 -4.399481113849238e+02 1.933901285344605e+02
7.040000000000000e-13 -4.399441805826325e+02 1.868750695885376e+02
7.120000000000001e-13 -4.399412428097525e+02 1.821347832499866e+02
7.200000000000001e-13 -4.399410734797694e+02 1.805232708801933e+02
7.280000000000000e-13 -4.399434809873607e+02 1.821851976334816e+02
7.360000000000001e-13 -4.399470522363004e+02 1.860971800438643e+02
7.440000000000001e-13 -4.399501149313695e+02 1.906962414365932e+02
7.520000000000000e-13 -4.399514766056808e+02 1.946439533206075e+02
7.600000000000001e-13 -4.399508712493758e+02 1.973633311754456e+02
7.680000000000001e-13 -4.399489916135141e+02 1.991471356982637e+02
7.760000000000000e-13 -4.399473386719984e+02 2.008132377508234e+02
7.840000000000001e-13 -4.399473374498290e+02 2.030385853505499e+02
7.920000000000001e-13 -4.399491729869669e+02 2.057632876508063e+02
8.000000000000000e-13 -4.400058063065880e+02 2.081325142984465e+02
8.080000000000001e-13 -4.400071442710637e+02 2.089975762546721e+02
8.160000000000001e-13 -4.400064387811656e+02 2.076667710539458e+02
8.240000000000000e-13 -4.400039877358794e+02 2.043777616108274e+02
8.320000000000001e-13 -4.400008063491029e+02 2.002046780316751e+02
8.400000000000001e-13 -4.399981068927103e+02 1.966116601515142e+02
8.480000000000000e-13 -4.399969427502506e+02 1.948757768811887e+02
8.560000000000001e-13 -4.399976432589534e+02 1.955937303714723e+02
8.640000000000001e-13 -4.399996859299853e+02 1.985018618521545e+02
8.720000000000000e-13 -4.400023511183559e+02 2.026499217314141e+02
8.800000000000001e-13 -4.400051906305428e+02 2.067039431593809e+02
8.880000000000001e-13 -4.400076093589736e+02 2.092196747245293e+02
8.960000000000000e-13 -4.400083524950438e+02 2.090166183808394e+02
9.040000000000001e-13 -4.399517662643929e+02 2.057803285001265e+02
9.120000000000002e-13 -4.399473176936732e+02 2.004673992475510e+02
9.200000000000001e-13 -4.398888966271300e+02 1.950944754618455e+02
9.280000000000001e-13 -4.398873291885930e+02 1.915789687457908e+02
9.360000000000001e-13 -4.399434068193403e+02 1.907487634694279e+02
9.440000000000000e-13 -4.399459119282840e+02 1.922230551736432e+02
9.520000000000000e-13 -4.398934579580871e+02 1.949373250905520e+02
9.600000000000002e-13 -4.398949314518446e+02 1.978483096581958e+02
9.680000000000001e-13 -4.398963772580674e+02 2.001554485083299e+02
9.760000000000001e-13 -4.398978200800048e+02 2.011638406673185e+02
9.840000000000000e-13 -4.399525684563415e+02 2.003459638130619e+02
9.920000000000000e-13 -4.399504881313850e+02 1.978049873082484e+02
1.000000000000000e-12 -4.398925154012683e+02 1.946015242218081e+02
1.008000000000000e-12 -4.398891787543848e+02 1.924229264491489e+02
1.016000000000000e-12 -4.398883039291235e+02 1.927382748874067e+02
1.024000000000000e-12 -4.398910065848668e+02 1.958667623994494e+02
1.032000000000000e-12 -4.399505061855821e+02 2.005685380356302e+02
1.040000000000000e-12 -4.399544235161788e+02 2.046570964552419e+02
1.048000000000000e-12 -4.399545161001655e+02 2.063884399480624e+02
1.056000000000000e-12 -4.399510054980180e+02 2.056414011873243e+02
1.064000000000000e-12 -4.399469750783438e+02 2.038086421013321e+02
1.072000000000000e-12 -4.399453386602261e+02 2.025491255303531e+02
1.080000000000000e-12 -4.400014235785803e+02 2.026302920094194e+02
1.088000000000000e-12 -4.400035221861493e+02 2.036649093222988e+02
1.096000000000000e-12 -4.400056944291493e+02 2.046144617904014e+02
1.104000000000000e-12 -4.399530797672259e+02 2.044655999031326e+02
1.112000000000000e-12 -4.399526548414727e+02 2.026118859963850e+02
1.120000000000000e-12 -4.399503155199370e+02 1.992945346541260e+02
1.128000000000000e-12 -4.399471150132561e+02 1.956370945317165e+02
1.136000000000000e-12 -4.399442949406955e+02 1.931668754516291e+02
1.144000000000000e-12 -4.399429124187361e+02 1.932209636413917e+02
1.152000000000000e-12 -4.399981973545304e+02 1.964337796801394e+02
1.160000000000000e-12 -4.400017116520105e+02 2.023117192991569e+02
1.168000000000000e-12 -4.400065825361331e+02 2.091925884319884e+02
1.176000000000000e-12 -4.400108473873581e+02 2.148221596252383e+02
1.184000000000000e-12 -4.400128695919070e+02 2.172138404197981e+02
1.192000000000000e-12 -4.400120486113036e+02 2.154005803137923e+02
1.200000000000000e-12 -4.400086876720925e+02 2.097523441312583e+02
1.208000000000000e-12 -4.400037564342150e+02 2.018541002536647e+02
1.216000000000000e-12 -4.399991824544375e+02 1.939992748230822e+02
1.224000000000000e-12 -4.399973545480331e+02 1.882715718727150e+02
1.232000000000000e-12 -4.399988070576055e+02 1.855601271990530e+02
1.240000000000000e-12 -4.400012159091820e+02 1.853783218192727e+02
1.248000000000000e-12 -4.400020813862006e+02 1.867665029700573e+02
1.256000000000000e-12 -4.400013872502278e+02 1.892845134758543e+02
1.264000000000000e-12 -4.400012014922161e+02 1.930556803696419e+02
1.272000000000000e-12 -4.400032931160076e+02 1.979705059989901e+02
1.280000000000000e-12 -4.400069751746769e+02 2.030297047435996e+02
1.288000000000000e-12 -4.400094687321847e+02 2.066762905754772e+02
1.296000000000000e-12 -4.399547218607750e+02 2.079319733901233e+02
1.304000000000000e-12 -4.399515821711526e+02 2.071680739583041e+02
1.312000000000000e-12 -4.399482791342600e+02 2.058677172115949e+02
1.320000000000000e-12 -4.399467208797108e+02 2.056444176920529e+02
1.328000000000000e-12 -4.399476573847389e+02 2.073198649271793e+02
1.336000000000000e-12 -4.400052483298303e+02 2.105387101728039e+02
1.344000000000000e-12 -4.400091000028817e+02 2.139123983296546e+02
1.352000000000000e-12 -4.400117765123269e+02 2.156529155291247e+02
1.360000000000000e-12 -4.400120693405905e+02 2.144681096999363e+02
1.368000000000000e-12 -4.400101491438364e+02 2.101193296400634e+02
1.376000000000000e-12 -4.400069632267786e+02 2.034191891872372e+02
1.384000000000000e-12 -4.400033215214391e+02 1.958584521854179e+02
1.392000000000000e-12 -4.399997351196079e+02 1.892061048287404e+02
1.400000000000000e-12 -4.399971441907524e+02 1.851538186415630e+02
1.408000000000000e-12 -4.399969861844392e+02 1.848090943820969e+02
1.416000000000000e-12 -4.399996938875605e+02 1.881115873906040e+02
1.424000000000000e-12 -4.400038674021827e+02 1.937122507956850e+02
1.432000000000000e-12 -4.399533092931147e+02 1.996028443804232e+02
1.440000000000000e-12 -4.399552599165138e+02 2.039386801030744e+02
1.448000000000000e-12 -4.399552295372339e+02 2.056433644871448e+02
1.456000000000000e-12 -4.399532830374422e+02 2.046509302262003e+02
1.464000000000000e-12 -4.399499332507913e+02 2.018334176362804e+02
1.472000000000000e-12 -4.399465559799611e+02 1.986921307551717e+02
1.480000000000000e-12 -4.399448121782183e+02 1.967084598042921e+02
1.488000000000000e-12 -4.399455061057300e+02 1.966128996413707e+02
1.496000000000000e-12 -4.399481414335706e+02 1.980297893615772e+02
1.504000000000000e-12 -4.400062762786281e+02 1.997593860956768e+02
1.512000000000000e-12 -4.399533702154578e+02 2.004317078092374e+02
1.520000000000000e-12 -4.399522472657031e+02 1.992983591369445e+02
1.528000000000000e-12 -4.399491180092404e+02 1.968300551186474e+02
1.536000000000000e-12 -4.399459871462220e+02 1.943921052836770e+02
1.544000000000000e-12 -4.399446605746554e+02 1.933720759162652e+02
1.552000000000000e-12 -4.400001209591447e+02 1.943914188183741e+02
1.560000000000000e-12 -4.400023204525985e+02 1.970817534837992e+02
1.568000000000000e-12 -4.400043065080526e+02 2.004836227767003e+02
1.576000000000000e-12 -4.400054884967249e+02 2.036741752644129e+02
1.584000000000000e-12 -4.400062302910354e+02 2.060544290674775e+02
1.592000000000000e-12 -4.400066859329353e+02 2.072804984355795e+02
1.600000000000000e-12 -4.400066275123352e+02 2.072057489211292e+02
1.608000000000000e-12 -4.400060378475049e+02 2.059390464567970e+02
1.616000000000000e-12 -4.400049093727236e+02 2.038695211377204e+02
1.624000000000000e-12 -4.400033877978601e+02 2.016525026909459e+02
1.632000000000000e-12 -4.400024083479684e+02 2.000701152477294e+02
1.640000000000000e-12 -4.400030265696461e+02 1.996167647292412e+02
1.648000000000000e-12 -4.400050999068615e+02 2.000872151797516e+02
1.656000000000000e-12 -4.400072277761801e+02 2.006495811616678e+02
1.664000000000000e-12 -4.400077922942549e+02 2.004426625601598e+02
1.672000000000000e-12 -4.399509724406025e+02 1.992820740295528e+02
1.680000000000000e-12 -4.399484725091446e+02 1.978153870136509e+02
1.688000000000000e-12 -4.398926626052983e+02 1.970280605056918e+02
1.696000000000000e-12 -4.399478704089084e+02 1.974431009652643e+02
1.704000000000000e-12 -4.399500482509075e+02 1.987224866813917e+02
1.712000000000000e-12 -4.398976226302598e+02 1.999022851667845e+02
1.720000000000000e-12 -4.398984056496726e+02 2.000440615825860e+02
1.728000000000000e-12 -4.398976590952723e+02 1.987745672424373e+02
1.736000000000000e-12 -4.399501521320476e+02 1.964618151110482e+02
1.744000000000000e-12 -4.399476726416871e+02 1.940607680620661e+02
1.752000000000000e-12 -4.399464018167936e+02 1.926320992613672e+02
1.760000000000000e-12 -4.399472698598821e+02 1.927062837270681e+02
1.768000000000000e-12 -4.399492112300103e+02 1.939473555993178e+02
1.776000000000000e-12 -4.398968080505206e+02 1.956161725582668e+02
1.784000000000000e-12 -4.398419482616009e+02 1.972564820456991e+02
1.792000000000000e-12 -4.398411742701728e+02 1.989425758597615e+02
1.800000000000000e-12 -4.397867967447226e+02 2.009971067504393e+02
1.808000000000000e-12 -4.398428562260678e+02 2.035022746441920e+02
1.816000000000000e-12 -4.398445541034267e+02 2.060574278702902e+02
1.824000000000000e-12 -4.397922838045873e+02 2.078033339782193e+02
1.832000000000000e-12 -4.397939556839203e+02 2.076430468577259e+02
1.840000000000000e-12 -4.397930037821640e+02 2.048695615619395e+02
1.848000000000000e-12 -4.397891762360946e+02 1.999424179318014e+02
1.856000000000000e-12 -4.397846096405924e+02 1.945238989808187e+02
1.864000000000000e-12 -4.398359479291676e+02 1.906225947544727e+02
1.872000000000000e-12 -4.398358647241962e+02 1.895011558286608e+02
1.880000000000000e-12 -4.398923011816394e+02 1.911935275498871e+02
1.888000000000000e-12 -4.398953811110612e+02 1.947332885709120e+02
1.896000000000000e-12 -4.398981912939762e+02 1.986577925916625e+02
1.904000000000000e-12 -4.398996863740081e+02 2.016711775590216e+02
1.912000000000000e-12 -4.399538080116160e+02 2.031157181587689e+02
1.920000000000000e-12 -4.399531534854550e+02 2.029695682601670e+02
1.928000000000000e-12 -4.399520741477489e+02 2.015912074800718e+02
1.936000000000000e-12 -4.398953293662489e+02 1.996185360900996e+02
1.944000000000000e-12 -4.398930622605859e+02 1.978891001317485e+02
1.952000000000000e-12 -4.398913526133787e+02 1.973665246050824e+02
1.960000000000000e-12 -4.399457850083680e+02 1.987189187440850e+02
1.968000000000000e-12 -4.399479025420368e+02 2.017265277404663e+02
1.976000000000000e-12 -4.399503037293871e+02 2.054068826556243e+02
1.984000000000000e-12 -4.399526286178273e+02 2.085929771730429e+02
1.992000000000000e-12 -4.399551496181199e+02 2.101515117076840e+02
2.000000000000000e-12 -4.399567176398358e+02 2.090373685791506e+02
2.008000000000000e-12 -4.399552344704267e+02 2.048048900636176e+02
2.016000000000000e-12 -4.399503604784476e+02 1.983718401947968e+02
2.024000000000000e-12 -4.399447627949613e+02 1.920454223484891e+02
2.032000000000000e-12 -4.399970977917538e+02 1.884088520784489e+02
2.040000000000000e-12 -4.399978907408430e+02 1.888483441033774e+02
2.048000000000000e-12 -4.400006699513514e+02 1.930912073662523e+02
2.056000000000000e-12 -4.400038755905763e+02 1.998391232418824e+02
2.064000000000000e-12 -4.400072241496685e+02 2.074205151629723e+02
2.072000000000000e-12 -4.400109929662696e+02 2.140242680637401e+02
2.080000000000000e-12 -4.400145462675207e+02 2.177365578973373e+02
2.088000000000000e-12 -4.400158001239441e+02 2.169406945390037e+02
2.096000000000000e-12 -4.399585217842521e+02 2.112416051128420e+02
2.104000000000000e-12 -4.399510823582048e+02 2.022489600295569e+02
2.112000000000000e-12 -4.398883831215938e+02 1.934365490927194e+02
2.120000000000000e-12 -4.399387696536866e+02 1.885410110416205e+02
2.128000000000000e-12 -4.399412988698982e+02 1.893716596687035e+02
2.136000000000000e-12 -4.400017086070134e+02 1.948884883024419e+02
2.144000000000000e-12 -4.400086190731404e+02 2.021430471537804e+02
2.152000000000000e-12 -4.400139128213077e+02 2.077521049817944e+02
2.160000000000000e-12 -4.399611331061627e+02 2.091639318933027e+02
2.168000000000000e-12 -4.399032100893665e+02 2.056594168919090e+02
2.176000000000000e-12 -4.398959595170899e+02 1.988380920535244e+02
2.184000000000000e-12 -4.398893036131519e+02 1.919060431976419e+02
2.192000000000000e-12 -4.398869076953033e+02 1.878726759156936e+02
2.200000000000000e-12 -4.399434567530648e+02 1.879857678281304e+02
2.208000000000000e-12 -4.398927878192048e+02 1.916307692115023e+02
2.216000000000000e-12 -4.398943114889294e+02 1.974215170461586e+02
2.224000000000000e-12 -4.398955189261895e+02 2.042276617649602e+02
2.232000000000000e-12 -4.398980069379530e+02 2.111868080915982e+02
2.240000000000000e-12 -4.398467707718805e+02 2.170685943748640e+02
2.248000000000000e-12 -4.398493243611379e+02 2.201995256405905e+02
2.256000000000000e-12 -4.398487450500496e+02 2.194686728176877e+02
2.264000000000000e-12 -4.397914212348953e+02 2.151757872341073e+02
2.272000000000000e-12 -4.397876728940336e+02 2.087623368501528e+02
2.280000000000000e-12 -4.397848898080098e+02 2.020114022506390e+02
2.288000000000000e-12 -4.397835278672062e+02 1.963446218227972e+02
2.296000000000000e-12 -4.397831700552463e+02 1.925270948469910e+02
2.304000000000000e-12 -4.397283231812184e+02 1.908302708641701e+02
2.312000000000000e-12 -4.397825572286121e+02 1.912451753887029e+02
2.320000000000000e-12 -4.397296938716365e+02 1.934026490051924e+02
2.328000000000000e-12 -4.397327352673098e+02 1.962685576842619e+02
2.336000000000000e-12 -4.397351454186619e+02 1.983879718933379e+02
2.344000000000000e-12 -4.397346986649240e+02 1.986910776436231e+02
2.352000000000000e-12 -4.397866523465928e+02 1.972863797320285e+02
2.360000000000000e-12 -4.397833558567870e+02 1.953890148843895e+02
2.368000000000000e-12 -4.397273223602310e+02 1.943744341909945e+02
2.376000000000000e-12 -4.397280231664945e+02 1.948824062767913e+02
2.384000000000000e-12 -4.397844941317728e+02 1.966163142092856e+02
2.392000000000000e-12 -4.397868251808596e+02 1.986558076729060e+02
2.400000000000000e-12 -4.397882814561675e+02 1.999223658817904e+02
2.408000000000000e-12 -4.398422053654747e+02 1.997926597690608e+02
2.416000000000000e-12 -4.398949529929304e+02 1.984407981922960e+02
2.424000000000000e-12 -4.398929409208565e+02 1.966765522128987e+02
2.432000000000000e-12 -4.398916607618149e+02 1.954772665057654e+02
2.440000000000000e-12 -4.398912485990140e+02 1.955583956990038e+02
2.448000000000000e-12 -4.398914948971724e+02 1.972332028494544e+02
2.456000000000000e-12 -4.398924577444638e+02 2.004447928420843e+02
2.464000000000000e-12 -4.398941438718052e+02 2.047459060303155e+02
2.472000000000000e-12 -4.398961439602629e+02 2.093171655032163e+02
2.480000000000000e-12 -4.398431251001728e+02 2.131636183820454e+02
2.488000000000000e-12 -4.398443564188483e+02 2.153225467578112e+02
2.496000000000000e-12 -4.398448579008959e+02 2.150941336181085e+02
2.504000000000000e-12 -4.398447427588296e+02 2.121562757068468e+02
2.512000000000000e-12 -4.398438145013601e+02 2.065460258935399e+02
2.520000000000000e-12 -4.398412244362023e+02 1.987842685050240e+02
2.528000000000000e-12 -4.398367698005938e+02 1.901696203210904e+02
2.536000000000000e-12 -4.398865785578542e+02 1.827576773819804e+02
2.544000000000000e-12 -4.398847027974865e+02 1.785364407095398e+02
2.552000000000000e-12 -4.398862269400233e+02 1.783294903824799e+02
2.560000000000000e-12 -4.398345438710192e+02 1.815071534857497e+02
2.568000000000000e-12 -4.398379776126376e+02 1.865028108642325e+02
2.576000000000000e-12 -4.398404316333011e+02 1.916273898358994e+02
2.584000000000000e-12 -4.398412898609548e+02 1.956802894273114e+02
2.592000000000000e-12 -4.398404289667844e+02 1.982221122106891e+02
2.600000000000000e-12 -4.398386054299819e+02 1.995929878731267e+02
2.608000000000000e-12 -4.398369711372051e+02 2.005704370518239e+02
2.616000000000000e-12 -4.398362897943159e+02 2.018625438723784e+02
2.624000000000000e-12 -4.398368476179795e+02 2.037362159635231e+02
2.632000000000000e-12 -4.398385318402983e+02 2.058729306173032e+02
2.640000000000000e-12 -4.398939096849622e+02 2.075013682607219e+02
2.648000000000000e-12 -4.398948727701872e+02 2.077425560572021e+02
2.656000000000000e-12 -4.398938194903889e+02 2.061771917835630e+02
2.664000000000000e-12 -4.398911714679479e+02 2.033114549751672e+02
2.672000000000000e-12 -4.398886754942136e+02 2.003311967839060e+02
2.680000000000000e-12 -4.398879685103861e+02 1.983569642959240e+02
2.688000000000000e-12 -4.398891138043807e+02 1.977621598244345e+02
2.696000000000000e-12 -4.398909756010999e+02 1.981071678208916e+02
2.704000000000000e-12 -4.398926113752834e+02 1.985758423558154e+02
2.712000000000000e-12 -4.398935550491525e+02 1.984183776543262e+02
2.720000000000000e-12 -4.398934779016395e+02 1.972158503707503e+02
2.728000000000000e-12 -4.398924074082068e+02 1.950245310339511e+02
2.736000000000000e-12 -4.398909108722276e+02 1.923420583002995e+02
2.744000000000000e-12 -4.398897035681242e+02 1.898551269767442e+02
2.752000000000000e-12 -4.398891883871925e+02 1.881247842443184e+02
2.760000000000000e-12 -4.398893254301076e+02 1.874076638354779e+02
2.768000000000000e-12 -4.398897008444440e+02 1.876850588600732e+02
2.776000000000000e-12 -4.398899324627195e+02 1.888394271553805e+02
2.784000000000000e-12 -4.398902549050430e+02 1.907794689009588e+02
2.792000000000000e-12 -4.398909817678222e+02 1.933470669805981e+02
2.800000000000000e-12 -4.398917864967053e+02 1.962100003252739e+02
2.808000000000000e-12 -4.398926825338090e+02 1.989388603148382e+02
2.816000000000000e-12 -4.398937214167221e+02 2.010451647126886e+02
2.824000000000000e-12 -4.398934276264102e+02 2.021120877994938e+02
2.832000000000000e-12 -4.398907144006662e+02 2.023532622034225e+02
2.840000000000000e-12 -4.398875386838338e+02 2.029083090702161e+02
2.848000000000000e-12 -4.398873676784826e+02 2.050125690351865e+02
2.856000000000000e-12 -4.398914363729420e+02 2.086193278984969e+02
2.864000000000000e-12 -4.398972304437758e+02 2.119234854366659e+02
2.872000000000000e-12 -4.399005519973182e+02 2.124177326399217e+02
2.880000000000000e-12 -4.398989544716107e+02 2.086654242053207e+02
2.888000000000000e-12 -4.398933341273516e+02 2.013817945002907e+02
2.896000000000000e-12 -4.398867776672276e+02 1.931099519309282e+02
2.904000000000000e-12 -4.398280874112371e+02 1.868936770947471e+02
2.912000000000000e-12 -4.398275924581002e+02 1.848284859141364e+02
2.920000000000000e-12 -4.398305713121279e+02 1.872783445349366e+02
2.928000000000000e-12 -4.398353404143035e+02 1.929797399924515e+02
2.936000000000000e-12 -4.398398814377765e+02 1.997688004244130e+02
2.944000000000000e-12 -4.398425017960707e+02 2.055232421873692e+02
2.952000000000000e-12 -4.398427085796030e+02 2.089351672723564e+02
2.960000000000000e-12 -4.398415283240655e+02 2.097492253449421e+02
2.968000000000000e-12 -4.398947908046511e+02 2.084013460894809e+02
2.976000000000000e-12 -4.398935447643015e+02 2.055119792687059e+02
2.984000000000000e-12 -4.398368396967762e+02 2.018067467697040e+02
2.992000000000000e-12 -4.398337053608662e+02 1.983577276273596e+02
3.000000000000000e-12 -4.398314294314310e+02 1.965351004594893e+02
3.008000000000000e-12 -4.398864476135225e+02 1.972477704807638e+02
3.016000000000000e-12 -4.398903255211483e+02 2.000623796066199e+02
3.024000000000000e-12 -4.398945973500482e+02 2.032392775883384e+02
3.032000000000000e-12 -4.398967660513003e+02 2.048419929267412e+02
3.040000000000000e-12 -4.398962418727349e+02 2.038235410658788e+02
3.048000000000000e-12 -4.398391208905301e+02 2.004118051630439e+02
3.056000000000000e-12 -4.398348422329902e+02 1.959226328317471e+02
3.064000000000000e-12 -4.398853961628096e+02 1.923832615554306e+02
3.072000000000000e-12 -4.398841210073847e+02 1.916514574542383e+02
3.080000000000000e-12 -4.398868039598646e+02 1.942811052512316e+02
3.088000000000000e-12 -4.398919851342231e+02 1.990749566818996e+02
3.096000000000000e-12 -4.398965954660197e+02 2.037099728513091e+02
3.104000000000000e-12 -4.398980997768295e+02 2.060794678113377e+02
3.112000000000000e-12 -4.398960002241320e+02 2.054348691213513e+02
3.120000000000000e-12 -4.398920181347011e+02 2.026369402129683e+02
3.128000000000000e-12 -4.398888258070047e+02 1.994298037050851e+02
3.136000000000000e-12 -4.398881520665592e+02 1.972856024847864e+02
3.144000000000000e-12 -4.398896634896994e+02 1.966340933283888e+02
3.152000000000000e-12 -4.398914143272275e+02 1.969703234737651e+02
3.160000000000000e-12 -4.398917252982984e+02 1.976400034086892e+02
3.168000000000000e-12 -4.398907924754847e+02 1.985302113523898e+02
3.176000000000000e-12 -4.398903715633945e+02 2.000133936539829e+02
3.184000000000000e-12 -4.398919272682209e+02 2.022543920481710e+02
3.192000000000000e-12 -4.398948865707222e+02 2.046403926920024e+02
3.200000000000000e-12 -4.398968871231564e+02 2.060269779377448e+02
3.208000000000000e-12 -4.398961743505409e+02 2.056695600092923e+02
3.216000000000000e-12 -4.398390840765867e+02 2.039261335031942e+02
3.224000000000000e-12 -4.398366321395279e+02 2.019582462993467e+02
3.232000000000000e-12 -4.398362348363193e+02 2.007874066168405e+02
3.240000000000000e-12 -4.398376098729307e+02 2.005954092305716e+02
3.248000000000000e-12 -4.398390009903011e+02 2.008002720974387e+02
3.256000000000000e-12 -4.398389700185159e+02 2.007578926408100e+02
3.264000000000000e-12 -4.397831693801904e+02 2.003738268095775e+02
3.272000000000000e-12 -4.397814554035510e+02 2.001110428725688e+02
3.280000000000000e-12 -4.397809259566143e+02 2.005253235297814e+02
3.288000000000000e-12 -4.398365909428301e+02 2.016782992652881e+02
3.296000000000000e-12 -4.398393435636805e+02 2.027973697392323e+02
3.304000000000000e-12 -4.398411810409791e+02 2.026411300272547e+02
3.312000000000000e-12 -4.397856385817572e+02 2.004642178911451e+02
3.320000000000000e-12 -4.397830223874884e+02 1.965655479166938e+02
3.328000000000000e-12 -4.397799396261340e+02 1.921329866789621e+02
3.336000000000000e-12 -4.397773472507461e+02 1.886609557353607e+02
3.344000000000000e-12 -4.397220017383230e+02 1.873979287219376e+02
3.352000000000000e-12 -4.397773741628302e+02 1.888662415225485e+02
3.360000000000000e-12 -4.397804121654356e+02 1.925450528424467e+02
3.368000000000000e-12 -4.397846968851615e+02 1.969496925514812e+02
3.376000000000000e-12 -4.398435857743962e+02 2.001399849000286e+02
3.384000000000000e-12 -4.398447711688274e+02 2.004998852736593e+02
3.392000000000000e-12 -4.398422362945411e+02 1.976115006953947e+02
3.400000000000000e-12 -4.398369417771817e+02 1.927709638719227e+02
3.408000000000000e-12 -4.398316442998483e+02 1.884678457250631e+02
3.416000000000000e-12 -4.398293984075032e+02 1.871283379102507e+02
3.424000000000000e-12 -4.398314524765772e+02 1.897796199785463e+02
3.432000000000000e-12 -4.398362475422405e+02 1.955199740075623e+02
3.440000000000000e-12 -4.398410072445964e+02 2.021559658188165e+02
3.448000000000000e-12 -4.398439011362397e+02 2.074048478409681e+02
3.456000000000000e-12 -4.398444286123044e+02 2.097978394100186e+02
3.464000000000000e-12 -4.398427358506170e+02 2.090141686354962e+02
3.472000000000000e-12 -4.398393692372958e+02 2.058356945581010e+02
3.480000000000000e-12 -4.398355512191057e+02 2.018389951308988e+02
3.488000000000000e-12 -4.398330432145547e+02 1.987871952234370e+02
3.496000000000000e-12 -4.398331289950520e+02 1.978420255012918e+02
3.504000000000000e-12 -4.397807031612188e+02 1.990332993399396e+02
3.512000000000000e-12 -4.397839842198599e+02 2.012967960803711e+02
3.520000000000000e-12 -4.398404124950101e+02 2.032228025877516e+02
3.528000000000000e-12 -4.398406838939824e+02 2.038486266934062e+02
3.536000000000000e-12 -4.398395362892695e+02 2.030200015983320e+02
3.544000000000000e-12 -4.398928003297030e+02 2.012919908762528e+02
3.552000000000000e-12 -4.398912036221250e+02 1.994841025779614e+02
3.560000000000000e-12 -4.398899122072543e+02 1.983620220992010e+02
3.568000000000000e-12 -4.398892813803233e+02 1.985376833046789e+02
3.576000000000000e-12 -4.398897787867389e+02 2.002788828428682e+02
3.584000000000000e-12 -4.398918040436237e+02 2.032966965651425e+02
3.592000000000000e-12 -4.398949737230759e+02 2.066149692868270e+02
3.600000000000000e-12 -4.398978618514381e+02 2.087873851809592e+02
3.608000000000000e-12 -4.398986784104662e+02 2.085475408256712e+02
3.616000000000000e-12 -4.398963990528680e+02 2.056012152490513e+02
3.624000000000000e-12 -4.398919171589043e+02 2.010398447081253e+02
3.632000000000000e-12 -4.398880639225435e+02 1.969024489535649e+02
3.640000000000001e-12 -4.398874347857684e+02 1.949637861698822e+02
3.648000000000001e-12 -4.398899519899826e+02 1.956516277639534e+02
3.656000000000001e-12 -4.398933041452264e+02 1.980250976122509e+02
3.664000000000001e-12 -4.398954825951082e+02 2.006768259659472e+02
3.672000000000001e-12 -4.398963735832979e+02 2.025805778408109e+02
3.680000000000000e-12 -4.398970509260556e+02 2.032157719190203e+02
3.688000000000000e-12 -4.398425744774201e+02 2.022478988509394e+02
3.696000000000000e-12 -4.398421817132750e+02 1.993848806024780e+02
3.704000000000000e-12 -4.398396670548259e+02 1.948421842672881e+02
3.712000000000000e-12 -4.398357519870591e+02 1.897333312696862e+02
3.720000000000000e-12 -4.398323592822141e+02 1.857171526986205e+02
3.728000000000000e-12 -4.397764797158365e+02 1.841878481262588e+02
3.736000000000000e-12 -4.398318474140515e+02 1.855732396623284e+02
3.744000000000000e-12 -4.398346135573477e+02 1.892199870689076e+02
3.752000000000000e-12 -4.398919009243709e+02 1.937268363742395e+02
3.760000000000000e-12 -4.398937253228744e+02 1.975942615795319e+02
3.768000000000000e-12 -4.398935800833411e+02 1.998897350641713e+02
3.776000000000000e-12 -4.398920462491706e+02 2.006401280663225e+02
3.784000000000000e-12 -4.398903981690918e+02 2.005653808957728e+02
3.792000000000000e-12 -4.398895816658455e+02 2.005095068250225e+02
3.800000000000000e-12 -4.398897624167465e+02 2.009728010516741e+02
3.808000000000000e-12 -4.398906115489360e+02 2.019717819402683e+02
3.816000000000000e-12 -4.398917821843588e+02 2.031520067683994e+02
3.824000000000001e-12 -4.398930699632617e+02 2.039652617108850e+02
3.832000000000001e-12 -4.398942836698466e+02 2.038145917815563e+02
3.840000000000001e-12 -4.398949161846356e+02 2.022052706155774e+02
3.848000000000001e-12 -4.398390638627769e+02 1.990405278269022e+02
3.856000000000001e-12 -4.398361514952310e+02 1.949314541238510e+02
3.864000000000000e-12 -4.398324946457141e+02 1.913097426159712e+02
3.872000000000000e-12 -4.398306613805233e+02 1.898539941391441e+02
3.880000000000000e-12 -4.398322217295558e+02 1.913765839109680e+02
3.888000000000000e-12 -4.398362887698634e+02 1.951768765856401e+02
3.896000000000000e-12 -4.398404338890799e+02 1.994113167082186e+02
3.904000000000000e-12 -4.398426660680487e+02 2.021410043458277e+02
3.912000000000000e-12 -4.398963026823201e+02 2.023138398892250e+02
3.920000000000000e-12 -4.398932333497413e+02 2.001616305787271e+02
3.928000000000000e-12 -4.398888624659253e+02 1.970692611360686e+02
3.936000000000000e-12 -4.398854440854928e+02 1.950161596027285e+02
3.944000000000000e-12 -4.398850629402679e+02 1.955149495558346e+02
3.952000000000000e-12 -4.398878426083148e+02 1.987193442596795e+02
3.960000000000000e-12 -4.398916210395066e+02 2.033825933637128e+02
3.968000000000000e-12 -4.398941967886727e+02 2.077330047654426e+02
3.976000000000000e-12 -4.398950592144868e+02 2.104337005731117e+02
3.984000000000000e-12 -4.398946695158301e+02 2.109325132617282e+02
3.992000000000000e-12 -4.398932873091257e+02 2.093599802576870e+02
4.000000000000000e-12 -4.398910409558979e+02 2.063925039863445e+02
4.008000000000001e-12 -4.398886895685383e+02 2.030996884180468e+02
4.016000000000001e-12 -4.398876240309373e+02 2.005449333865839e+02
4.024000000000001e-12 -4.398886446862786e+02 1.991942887412227e+02
4.032000000000001e-12 -4.398367081729916e+02 1.986444609344682e+02
4.040000000000001e-12 -4.398383492854175e+02 1.979410562288953e+02
4.048000000000001e-12 -4.398379835189484e+02 1.963887540686395e+02
4.056000000000000e-12 -4.398357348448808e+02 1.941953614096306e+02
4.064000000000000e-12 -4.398331877319395e+02 1.923719616937713e+02
4.072000000000000e-12 -4.398320864678499e+02 1.920451031093917e+02
4.080000000000000e-12 -4.398330399670778e+02 1.936954971252071e+02
4.088000000000000e-12 -4.398354903518727e+02 1.968579254119786e+02
4.096000000000000e-12 -4.398381202111795e+02 2.003739874373821e+02
4.104000000000000e-12 -4.398394020256255e+02 2.030167404569475e+02
4.112000000000000e-12 -4.398386453744672e+02 2.041728649730407e+02
4.120000000000000e-12 -4.398366507058494e+02 2.041346644318068e+02
4.128000000000000e-12 -4.398889316675244e+02 2.038040693062566e+02
4.136000000000000e-12 -4.398889389350844e+02 2.039121416995292e+02
4.144000000000000e-12 -4.398907084231149e+02 2.044435020796952e+02
4.152000000000000e-12 -4.398933986215748e+02 2.046567151590551e+02
4.160000000000000e-12 -4.398950268266677e+02 2.034796561265910e+02
4.168000000000000e-12 -4.398935088776864e+02 2.003881249415305e+02
4.176000000000000e-12 -4.398890211276465e+02 1.962032310809707e+02
4.184000000000000e-12 -4.398845798299027e+02 1.929342933703807e+02
4.192000000000001e-12 -4.398833896014741e+02 1.925220092696442e+02
4.200000000000001e-12 -4.398861433921903e+02 1.955020898363070e+02
4.208000000000001e-12 -4.398910031552760e+02 2.006702059403663e+02
4.216000000000001e-12 -4.398953787781643e+02 2.058374115994407e+02
4.224000000000001e-12 -4.398975313069500e+02 2.089801975031704e+02
4.232000000000001e-12 -4.398970894870781e+02 2.090751650559621e+02
4.240000000000001e-12 -4.398948138748553e+02 2.063239271385687e+02
4.248000000000000e-12 -4.398920441034273e+02 2.018364067716024e+02
4.256000000000000e-12 -4.398899300423470e+02 1.970324698257786e+02
4.264000000000000e-12 -4.398343835128432e+02 1.931212708309641e+02
4.272000000000000e-12 -4.398341887684156e+02 1.908210648249585e+02
4.280000000000000e-12 -4.398346731828033e+02 1.903481767117584e+02
4.288000000000000e-12 -4.398358469289220e+02 1.915107255622532e+02
4.296000000000000e-12 -4.398374728491657e+02 1.937328298288908e+02
4.304000000000000e-12 -4.398391160096359e+02 1.961923874728781e+02
4.312000000000000e-12 -4.398401391546230e+02 1.980639146219771e+02
4.320000000000000e-12 -4.398395347924741e+02 1.988657939392051e+02
4.328000000000000e-12 -4.398372435770547e+02 1.988395144867325e+02
4.336000000000000e-12 -4.398351502752722e+02 1.988814907225837e+02
4.344000000000000e-12 -4.398352094081907e+02 1.997782396889073e+02
4.352000000000000e-12 -4.398371399180508e+02 2.014566495335465e+02
4.360000000000000e-12 -4.398389682586424e+02 2.030880986219140e+02
4.368000000000000e-12 -4.398391225841869e+02 2.038869573718515e+02
4.376000000000001e-12 -4.398377620455448e+02 2.037669425497817e+02
4.384000000000001e-12 -4.398365585022678e+02 2.032677536684030e+02
4.392000000000001e-12 -4.398918700139258e+02 2.029016565540696e+02
4.400000000000001e-12 -4.398934152938610e+02 2.025325957945610e+02
4.408000000000001e-12 -4.398946009578461e+02 2.015015067494967e+02
4.416000000000001e-12 -4.398943288252086e+02 1.993080812450445e+02
4.424000000000001e-12 -4.398925243771482e+02 1.960807974516279e+02
4.432000000000001e-12 -4.398898015292034e+02 1.926471087964938e+02
4.440000000000000e-12 -4.398870443887084e+02 1.902619599957527e+02
4.448000000000000e-12 -4.398853723194123e+02 1.901601069821379e+02
4.456000000000000e-12 -4.398859765009400e+02 1.930085456935568e+02
4.464000000000000e-12 -4.398892906490563e+02 1.984002540376724e+02
4.472000000000000e-12 -4.398396680634332e+02 2.047570278954229e+02
4.480000000000000e-12 -4.398433581626292e+02 2.098940727188541e+02
4.488000000000000e-12 -4.398443402730974e+02 2.121082587796896e+02
4.496000000000000e-12 -4.398429527716940e+02 2.109051155847892e+02
4.504000000000000e-12 -4.398401377931555e+02 2.069331569121149e+02
4.512000000000000e-12 -4.398364618088825e+02 2.015948546229832e+02
4.520000000000000e-12 -4.398877813831024e+02 1.966813957723181e+02
4.528000000000000e-12 -4.398862037726405e+02 1.937887097701638e+02
4.536000000000000e-12 -4.398871223761405e+02 1.936228594098691e+02
4.544000000000000e-12 -4.398897398200244e+02 1.957748113202315e+02
4.552000000000000e-12 -4.398924723324318e+02 1.990598396302427e+02
4.560000000000000e-12 -4.398938448509156e+02 2.022177110447977e+02
4.568000000000001e-12 -4.398936570120210e+02 2.045174943192913e+02
4.576000000000001e-12 -4.398929506465720e+02 2.058501967808764e+02
4.584000000000001e-12 -4.398924921833706e+02 2.063684999147402e+02
4.592000000000001e-12 -4.398922352467730e+02 2.061890168368203e+02
4.600000000000001e-12 -4.398921139895858e+02 2.053675727073652e+02
4.608000000000001e-12 -4.398922367279970e+02 2.039191754638635e+02
4.616000000000001e-12 -4.398924177950706e+02 2.018001295754253e+02
4.624000000000000e-12 -4.398387673130931e+02 1.990234619855301e+02
4.632000000000000e-12 -4.398378859747368e+02 1.957739236742131e+02
4.640000000000000e-12 -4.398367562326083e+02 1.924830316004361e+02
4.648000000000000e-12 -4.398360001881204e+02 1.897014084159064e+02
4.656000000000000e-12 -4.397824937868282e+02 1.878305040908961e+02
4.664000000000000e-12 -4.397820318893910e+02 1.869874001257764e+02
4.672000000000000e-12 -4.397808365166139e+02 1.873007970174739e+02
4.680000000000000e-12 -4.397798046923667e+02 1.891462834014723e+02
4.688000000000000e-12 -4.397807681553575e+02 1.927460935109693e+02
4.696000000000000e-12 -4.397843226723722e+02 1.974906955212865e+02
4.704000000000000e-12 -4.397885444099549e+02 2.017743940016638e+02
4.712000000000000e-12 -4.397904339535514e+02 2.038161797503115e+02
4.720000000000000e-12 -4.398428877691586e+02 2.029093438458347e+02
4.728000000000000e-12 -4.398925979004106e+02 1.999126540986297e+02
4.736000000000000e-12 -4.398889739696772e+02 1.966085834067576e+02
4.744000000000000e-12 -4.398870204438616e+02 1.947628025619012e+02
4.752000000000001e-12 -4.398878619263451e+02 1.953579840096359e+02
4.760000000000001e-12 -4.398917923492151e+02 1.980269105007537e+02
4.768000000000001e-12 -4.398968265934063e+02 2.010391329857786e+02
4.776000000000001e-12 -4.398994245546174e+02 2.022312953660957e+02
4.784000000000001e-12 -4.398973842427098e+02 2.005114400755417e+02
4.792000000000001e-12 -4.398919560780797e+02 1.967634677202182e+02
4.800000000000001e-12 -4.398871207755869e+02 1.932916228896737e+02
4.808000000000001e-12 -4.398860640118477e+02 1.921655152691370e+02
4.816000000000000e-12 -4.398339122894760e+02 1.938873941028150e+02
4.824000000000000e-12 -4.398375105960625e+02 1.973850104882473e+02
4.832000000000000e-12 -4.398401800576024e+02 2.009975030769637e+02
4.840000000000000e-12 -4.398410408653297e+02 2.034481564087561e+02
4.848000000000000e-12 -4.398400303396583e+02 2.043140834104505e+02
4.856000000000000e-12 -4.398379944192151e+02 2.040467022744656e+02
4.864000000000000e-12 -4.398366139592083e+02 2.035464930239031e+02
4.872000000000000e-12 -4.398370269893898e+02 2.034391907983690e+02
4.880000000000000e-12 -4.398385779917668e+02 2.036110108095684e+02
4.888000000000000e-12 -4.398396371895212e+02 2.034476354498466e+02
4.896000000000000e-12 -4.398392805175250e+02 2.024864235774805e+02
4.904000000000000e-12 -4.398925823613319e+02 2.008377359963128e+02
4.912000000000000e-12 -4.399457337942036e+02 1.990547200992375e+02
4.920000000000000e-12 -4.399454988002648e+02 1.976588374933537e+02
4.928000000000000e-12 -4.399456940087176e+02 1.968499890022029e+02
4.936000000000001e-12 -4.399452107742647e+02 1.967086667616989e+02
4.944000000000001e-12 -4.399439842535999e+02 1.975482625515162e+02
4.952000000000001e-12 -4.399437152348540e+02 1.998556865472673e+02
4.960000000000001e-12 -4.399457404210379e+02 2.036317886663587e+02
4.968000000000001e-12 -4.399492188111977e+02 2.078991892671570e+02
4.976000000000001e-12 -4.399523796622855e+02 2.110202158783957e+02
4.984000000000001e-12 -4.399539168082121e+02 2.114675258379456e+02
4.992000000000001e-12 -4.399529316866858e+02 2.084977154151294e+02
5.000000000000001e-12 -4.399492436893238e+02 2.025859890454946e+02
5.008000000000000e-12 -4.399441522824524e+02 1.954523322651233e+02
5.016000000000000e-12 -4.398853282337361e+02 1.894810157218831e+02
5.024000000000000e-12 -4.398834552955568e+02 1.867252434803530e+02
5.032000000000000e-12 -4.398849082229223e+02 1.880648989907595e+02
5.040000000000000e-12 -4.398893967672975e+02 1.928377406127116e+02
5.048000000000000e-12 -4.398947236557405e+02 1.990457823213400e+02
5.056000000000000e-12 -4.398981699361356e+02 2.043353754994870e+02
5.064000000000000e-12 -4.398989648208279e+02 2.071332581822957e+02
5.072000000000000e-12 -4.398981860656156e+02 2.070357929092428e+02
5.080000000000000e-12 -4.398967548832103e+02 2.044414033152042e+02
5.088000000000000e-12 -4.398946733518017e+02 2.001425355635903e+02
5.096000000000000e-12 -4.398919009075519e+02 1.952263582963074e+02
5.104000000000000e-12 -4.398891970607642e+02 1.910066837606782e+02
5.112000000000000e-12 -4.398334296801946e+02 1.886820130280213e+02
5.120000000000001e-12 -4.398339416600461e+02 1.888105324459607e+02
5.128000000000001e-12 -4.398361020314431e+02 1.910674978417827e+02
5.136000000000001e-12 -4.398391141035461e+02 1.943734925614295e+02
5.144000000000001e-12 -4.398958279966787e+02 1.973222963072857e+02
5.152000000000001e-12 -4.398414839474318e+02 1.988702206113884e+02
5.160000000000001e-12 -4.398393005951606e+02 1.989395581690005e+02
5.168000000000001e-12 -4.398361696533268e+02 1.985166576542867e+02
5.176000000000001e-12 -4.398340874895132e+02 1.989989045759423e+02
5.184000000000001e-12 -4.398887164493920e+02 2.012681376726480e+02
5.192000000000000e-12 -4.398920058639716e+02 2.050108494738881e+02
5.200000000000000e-12 -4.398965143532566e+02 2.086478188665356e+02
5.208000000000000e-12 -4.398995232369207e+02 2.101190655775389e+02
5.216000000000000e-12 -4.398990788087583e+02 2.080809235783151e+02
5.224000000000000e-12 -4.398952821757217e+02 2.027609706967656e+02
5.232000000000000e-12 -4.398902024071787e+02 1.959010367485466e+02
5.240000000000000e-12 -4.398863677317065e+02 1.898442676895963e+02
5.248000000000000e-12 -4.398850513032447e+02 1.864137641296415e+02
5.256000000000000e-12 -4.399407691901467e+02 1.862809665653010e+02
5.264000000000000e-12 -4.399439281764612e+02 1.888782870963258e+02
5.272000000000000e-12 -4.399476663086392e+02 1.927185585440412e+02
5.280000000000000e-12 -4.399499232776218e+02 1.961139989561737e+02
5.288000000000000e-12 -4.399493436001312e+02 1.980644210020548e+02
5.296000000000000e-12 -4.399465264773582e+02 1.988012981842254e+02
5.304000000000000e-12 -4.399435245705072e+02 1.995127952293709e+02
5.312000000000001e-12 -4.399423174937077e+02 2.014497357973428e+02
5.320000000000001e-12 -4.399438534550987e+02 2.050327544910293e+02
5.328000000000001e-12 -4.399475403958928e+02 2.094448572865287e+02
5.336000000000001e-12 -4.399515342010269e+02 2.129227423783912e+02
5.344000000000001e-12 -4.399539156994420e+02 2.135913738816047e+02
5.352000000000001e-12 -4.399533690785470e+02 2.103805721032062e+02
5.360000000000001e-12 -4.399494010325912e+02 2.036712857118658e+02
5.368000000000001e-12 -4.399429363709942e+02 1.954735049645094e+02
5.376000000000001e-12 -4.399368432152309e+02 1.888796771398264e+02
5.384000000000000e-12 -4.399349387223297e+02 1.866809492082796e+02
5.392000000000000e-12 -4.399391286984787e+02 1.896948795999811e+02
5.400000000000000e-12 -4.398934613055125e+02 1.960179458356479e+02
5.408000000000000e-12 -4.399008799833607e+02 2.019245810457652e+02
5.416000000000000e-12 -4.399034897918289e+02 2.039746971091753e+02
5.424000000000000e-12 -4.399002156898539e+02 2.008947344723804e+02
5.432000000000000e-12 -4.398929189385842e+02 1.941204706240244e+02
5.440000000000000e-12 -4.399403002573832e+02 1.869918928900905e+02
5.448000000000000e-12 -4.399365978357384e+02 1.829326349763368e+02
5.456000000000000e-12 -4.399382876879891e+02 1.836721045709125e+02
5.464000000000000e-12 -4.399435631561411e+02 1.885691884009210e+02
5.472000000000000e-12 -4.399491916162440e+02 1.952865095754561e+02
5.480000000000000e-12 -4.399529315317915e+02 2.011842820441948e+02
5.488000000000000e-12 -4.399539808776527e+02 2.044204420054939e+02
5.496000000000001e-12 -4.399524817865509e+02 2.044263786523076e+02
5.504000000000001e-12 -4.400025450745545e+02 2.019300592294505e+02
5.512000000000001e-12 -4.399436723869283e+02 1.986255292088783e+02
5.520000000000001e-12 -4.399403373367010e+02 1.965539989796349e+02
5.528000000000001e-12 -4.399404391783245e+02 1.972018939951366e+02
5.536000000000001e-12 -4.399445827120050e+02 2.005069040245884e+02
5.544000000000001e-12 -4.399504985481698e+02 2.046640773000406e+02
5.552000000000001e-12 -4.399545135523948e+02 2.071319947284599e+02
5.560000000000001e-12 -4.399541215920729e+02 2.062272466579693e+02
5.568000000000001e-12 -4.399497946284902e+02 2.021999807857071e+02
5.576000000000000e-12 -4.399446493147701e+02 1.970210660882437e+02
5.584000000000000e-12 -4.399417020659965e+02 1.930746547049854e+02
5.592000000000000e-12 -4.399418014864116e+02 1.918387892904302e+02
5.600000000000000e-12 -4.399441696577475e+02 1.934028376608347e+02
5.608000000000000e-12 -4.399473731341477e+02 1.967539766751260e+02
5.616000000000000e-12 -4.399499160801242e+02 2.004308513928133e+02
5.624000000000000e-12 -4.400054310623553e+02 2.032279198762478e+02
5.632000000000000e-12 -4.400048945445645e+02 2.046128866436451e+02
5.640000000000000e-12 -4.400032742956934e+02 2.047872505976381e+02
5.648000000000000e-12 -4.400014715614028e+02 2.045019951384338e+02
5.656000000000000e-12 -4.400004160255879e+02 2.046190634560904e+02
5.664000000000000e-12 -4.400005357178285e+02 2.056615525779094e+02
5.672000000000000e-12 -4.400020015851561e+02 2.075490615535802e+02
5.680000000000001e-12 -4.400044995031132e+02 2.095311077397218e+02
5.688000000000001e-12 -4.400065542244395e+02 2.104245712289346e+02
5.696000000000001e-12 -4.400066814073315e+02 2.092646057920110e+02
5.704000000000001e-12 -4.399497401696161e+02 2.059610527422492e+02
5.712000000000001e-12 -4.399465962627892e+02 2.013474521351646e+02
5.720000000000001e-12 -4.399430319022676e+02 1.968851250730141e+02
5.728000000000001e-12 -4.399403758451713e+02 1.942488356120274e+02
5.736000000000001e-12 -4.399402751522221e+02 1.946287664554237e+02
5.744000000000001e-12 -4.399428164115757e+02 1.980600224704565e+02
5.752000000000001e-12 -4.399467242329644e+02 2.033540865822919e+02
5.760000000000000e-12 -4.399508690638315e+02 2.086078865043124e+02
5.768000000000000e-12 -4.399537309935705e+02 2.118344586655618e+02
5.776000000000000e-12 -4.399533052390020e+02 2.117365057707155e+02
5.784000000000000e-12 -4.399491601778549e+02 2.085102023825799e+02
5.792000000000000e-12 -4.399437484354253e+02 2.039294380158713e+02
5.800000000000000e-12 -4.399405727837812e+02 2.002907991403910e+02
5.808000000000000e-12 -4.399412881566208e+02 1.989430082763791e+02
5.816000000000000e-12 -4.399447981559377e+02 1.995543138349112e+02
5.824000000000000e-12 -4.399484300819806e+02 2.005545887071896e+02
5.832000000000000e-12 -4.398944412588358e+02 2.003227818303994e+02
5.840000000000000e-12 -4.398931007205011e+02 1.981007412935798e+02
5.848000000000000e-12 -4.398900485847328e+02 1.943366204408505e+02
5.856000000000000e-12 -4.398871102299544e+02 1.903051072416578e+02
5.864000000000000e-12 -4.398856581785643e+02 1.872668692379270e+02
5.872000000000001e-12 -4.398859206323169e+02 1.858573281412799e+02
5.880000000000001e-12 -4.398871491910209e+02 1.859630456093573e+02
5.888000000000001e-12 -4.399427062088914e+02 1.870441819159249e+02
5.896000000000001e-12 -4.399428407451637e+02 1.886111668902163e+02
5.904000000000001e-12 -4.399970304414929e+02 1.906363328326057e+02
5.912000000000001e-12 -4.399959771085719e+02 1.935285873622543e+02
5.920000000000001e-12 -4.399967555532737e+02 1.976187813139172e+02
5.928000000000001e-12 -4.400002105481984e+02 2.024835023921584e+02
5.936000000000001e-12 -4.400043079496051e+02 2.066715764176065e+02
5.944000000000001e-12 -4.400058912185193e+02 2.085534815188482e+02
5.952000000000000e-12 -4.400040108988583e+02 2.075714236162062e+02
5.960000000000000e-12 -4.400003031524615e+02 2.046577527866598e+02
5.968000000000000e-12 -4.399423787413508e+02 2.015949337098489e+02
5.976000000000000e-12 -4.399410588796877e+02 1.999749515896347e+02
5.984000000000000e-12 -4.399422266566860e+02 2.004676203536286e+02
5.992000000000000e-12 -4.399450322481034e+02 2.025977686925552e+02
6.000000000000000e-12 -4.400023244611326e+02 2.051238911623151e+02
6.008000000000000e-12 -4.400035804025281e+02 2.067842840529032e+02
6.016000000000000e-12 -4.400030763518140e+02 2.069007569174701e+02
6.024000000000000e-12 -4.400015806565729e+02 2.055879092080625e+02
6.032000000000000e-12 -4.400002622435206e+02 2.034422173089563e+02
6.040000000000000e-12 -4.399997888114419e+02 2.010501316833248e+02
6.048000000000000e-12 -4.400000740555123e+02 1.986774102111632e+02
6.056000000000001e-12 -4.400005146700728e+02 1.962842605702027e+02
6.064000000000001e-12 -4.400002734419591e+02 1.937900803240726e+02
6.072000000000001e-12 -4.399988645233316e+02 1.914231137365367e+02
6.080000000000001e-12 -4.399421988819753e+02 1.898903694909752e+02
6.088000000000001e-12 -4.399414068223217e+02 1.900086605429776e+02
6.096000000000001e-12 -4.399430283609538e+02 1.920218585338711e+02
6.104000000000001e-12 -4.399462618829056e+02 1.951681834133155e+02
6.112000000000001e-12 -4.399484188583121e+02 1.980557219418054e+02
6.120000000000001e-12 -4.399476642665829e+02 1.997525450363561e+02
6.128000000000001e-12 -4.399451285722556e+02 2.005083372177559e+02
6.136000000000001e-12 -4.399435649350168e+02 2.013237327079957e+02
6.144000000000000e-12 -4.399981481152452e+02 2.028862180675027e+02
6.152000000000000e-12 -4.400004439604492e+02 2.049239579436890e+02
6.160000000000000e-12 -4.400023256634663e+02 2.064793122128119e+02
6.168000000000000e-12 -4.400025607195347e+02 2.067452847501838e+02
6.176000000000000e-12 -4.399465570240941e+02 2.056242890213634e+02
6.184000000000000e-12 -4.399442832038259e+02 2.037334815896212e+02
6.192000000000000e-12 -4.399420911567121e+02 2.021273022599512e+02
6.200000000000000e-12 -4.399411222631642e+02 2.018252694754574e+02
6.208000000000000e-12 -4.399420998432039e+02 2.032589445440821e+02
6.216000000000000e-12 -4.399994697921445e+02 2.059888426905450e+02
6.224000000000000e-12 -4.399479149255200e+02 2.088933188495542e+02
6.232000000000000e-12 -4.399492306134199e+02 2.107200754097960e+02
6.240000000000001e-12 -4.399490361912013e+02 2.107330287283718e+02
6.248000000000001e-12 -4.399479918899771e+02 2.088704842327270e+02
6.256000000000001e-12 -4.399466209950476e+02 2.055018314334195e+02
6.264000000000001e-12 -4.399448794791018e+02 2.012184323773413e+02
6.272000000000001e-12 -4.399427855434309e+02 1.968023579258024e+02
6.280000000000001e-12 -4.399408724262855e+02 1.931716119822198e+02
6.288000000000001e-12 -4.399396741368316e+02 1.911539591115504e+02
6.296000000000001e-12 -4.399393978400386e+02 1.912477162469510e+02
6.304000000000001e-12 -4.398859441969566e+02 1.935117591850949e+02
6.312000000000001e-12 -4.398879383273754e+02 1.974399217350980e+02
6.320000000000001e-12 -4.398908325806549e+02 2.019940457100151e+02
6.328000000000001e-12 -4.398938421093799e+02 2.057775082197345e+02
6.336000000000000e-12 -4.399495253677154e+02 2.074269152891452e+02
6.344000000000000e-12 -4.399485042368366e+02 2.062320069650712e+02
6.352000000000000e-12 -4.399446961374549e+02 2.026826040005977e+02
6.360000000000000e-12 -4.399401585202355e+02 1.984717013778076e+02
6.368000000000000e-12 -4.399376111755371e+02 1.955974284749943e+02
6.376000000000000e-12 -4.399932565051533e+02 1.952210431371392e+02
6.384000000000000e-12 -4.399963854533069e+02 1.970577317284231e+02
6.392000000000000e-12 -4.399993508727717e+02 1.997824536518096e+02
6.400000000000000e-12 -4.400005383324400e+02 2.020739125218433e+02
6.408000000000000e-12 -4.400004845008019e+02 2.032854338420130e+02
6.416000000000000e-12 -4.400007999971663e+02 2.032964892755801e+02
6.424000000000001e-12 -4.400019540687816e+02 2.019402578593026e+02
6.432000000000001e-12 -4.400024760440175e+02 1.988540493394132e+02
6.440000000000001e-12 -4.400005870650528e+02 1.940480958745468e+02
6.448000000000001e-12 -4.399963199590838e+02 1.885689312505384e+02
6.456000000000001e-12 -4.399917625670451e+02 1.844356104577299e+02
6.464000000000001e-12 -4.399896328339842e+02 1.837178778996468e+02
6.472000000000001e-12 -4.399917781948856e+02 1.873219852562528e+02
6.480000000000001e-12 -4.399980198093220e+02 1.941911492355341e+02
6.488000000000001e-12 -4.400055151647633e+02 2.014736972725885e+02
6.496000000000001e-12 -4.399556746025376e+02 2.058599489760305e+02
6.504000000000001e-12 -4.399540761159438e+02 2.054495920937568e+02
6.512000000000001e-12 -4.399469487310147e+02 2.010216190051584e+02
6.520000000000000e-12 -4.399380527547717e+02 1.958115604484589e+02
6.528000000000000e-12 -4.399325637204079e+02 1.937799634676734e+02
6.536000000000000e-12 -4.399339472134780e+02 1.973125828505060e+02
6.544000000000000e-12 -4.399414931531301e+02 2.057187543650404e+02
6.552000000000000e-12 -4.399511237086849e+02 2.155192690753215e+02
6.560000000000000e-12 -4.399035137972103e+02 2.222680450580495e+02
6.568000000000000e-12 -4.399596234177467e+02 2.225984595299433e+02
6.576000000000000e-12 -4.399006566518349e+02 2.156644187379086e+02
6.584000000000000e-12 -4.398923688843174e+02 2.033915929245066e+02
6.592000000000000e-12 -4.398834195367382e+02 1.896351712797387e+02
6.600000000000000e-12 -4.398774515665737e+02 1.786142629258007e+02
6.608000000000000e-12 -4.398762778170408e+02 1.732167676959642e+02
6.616000000000001e-12 -4.398791593765501e+02 1.741388705287561e+02
6.624000000000001e-12 -4.398842325339916e+02 1.801085948325217e+02
6.632000000000001e-12 -4.398899057503441e+02 1.886912638373311e+02
6.640000000000001e-12 -4.399491652083005e+02 1.971515072422623e+02
6.648000000000001e-12 -4.399515303328591e+02 2.031784073748958e+02
6.656000000000001e-12 -4.399503856833269e+02 2.056457444532030e+02
6.664000000000001e-12 -4.399466583748313e+02 2.050941202146979e+02
6.672000000000001e-12 -4.399427896534528e+02 2.032892875388922e+02
6.680000000000001e-12 -4.399408949283418e+02 2.021603983801902e+02
6.688000000000001e-12 -4.398869511568485e+02 2.028173485683674e+02
6.696000000000001e-12 -4.398908190690299e+02 2.049065936659842e+02
6.704000000000001e-12 -4.398948477076705e+02 2.068089698358660e+02
6.712000000000000e-12 -4.398955823974012e+02 2.068750424937226e+02
6.720000000000000e-12 -4.399474433168194e+02 2.048138447652630e+02
6.728000000000000e-12 -4.399431447448812e+02 2.019366434195011e+02
6.736000000000000e-12 -4.399411656723179e+02 2.000271764633410e+02
6.744000000000000e-12 -4.399427497934072e+02 1.999685383464704e+02
6.752000000000000e-12 -4.399461497539925e+02 2.011628989204004e+02
6.760000000000000e-12 -4.399482868156326e+02 2.022174741402918e+02
6.768000000000000e-12 -4.399475524620265e+02 2.021897511691940e+02
6.776000000000000e-12 -4.399447133128791e+02 2.013012853785820e+02
6.784000000000000e-12 -4.399417155792478e+02 2.006896743088062e+02
6.792000000000000e-12 -4.399405236624647e+02 2.015746388031441e+02
6.800000000000001e-12 -4.399423427877584e+02 2.043640552259423e+02
6.808000000000001e-12 -4.400012596236776e+02 2.081699066759872e+02
6.816000000000001e-12 -4.399507788305115e+02 2.110423433308612e+02
6.824000000000001e-12 -4.399517631669790e+02 2.110631199990409e+02
6.832000000000001e-12 -4.399482996623753e+02 2.077826704608040e+02
6.840000000000001e-12 -4.399425730754825e+02 2.026712229426107e+02
6.848000000000001e-12 -4.399926474253148e+02 1.981986535719325e+02
6.856000000000001e-12 -4.399917842813582e+02 1.962755488665895e+02
6.864000000000001e-12 -4.399940502170258e+02 1.972594670244123e+02
6.872000000000001e-12 -4.399979556296308e+02 2.000498493992500e+02
6.880000000000001e-12 -4.400016774001313e+02 2.027548248416996e+02
6.888000000000001e-12 -4.400035137086559e+02 2.035755387467979e+02
6.896000000000001e-12 -4.400026781983707e+02 2.015992876380886e+02
6.904000000000000e-12 -4.399997290879262e+02 1.971631204001192e+02
6.912000000000000e-12 -4.399410547479555e+02 1.916573572155556e+02
6.920000000000000e-12 -4.399376681188696e+02 1.868760536868546e+02
6.928000000000000e-12 -4.399357923770700e+02 1.843978447043735e+02
6.936000000000000e-12 -4.399360486283913e+02 1.850886590780961e+02
6.944000000000000e-12 -4.399381962447606e+02 1.887901558491714e+02
6.952000000000000e-12 -4.399415255983056e+02 1.944218113196613e+02
6.960000000000000e-12 -4.399450452140825e+02 2.003454563653451e+02
6.968000000000000e-12 -4.398927285759382e+02 2.048892611549510e+02
6.976000000000000e-12 -4.398933459092960e+02 2.068589621333536e+02
6.984000000000001e-12 -4.398919070950233e+02 2.059647565897773e+02
6.992000000000001e-12 -4.398888369938952e+02 2.029313198057920e+02
7.000000000000001e-12 -4.399393828066858e+02 1.992637670001533e+02
7.008000000000001e-12 -4.399367933235390e+02 1.966804669712540e+02
7.016000000000001e-12 -4.399909637319080e+02 1.963800587565961e+02
7.024000000000001e-12 -4.399938054225437e+02 1.983988940594319e+02
7.032000000000001e-12 -4.399984326116362e+02 2.014336669108529e+02
7.040000000000001e-12 -4.400025459272219e+02 2.034154193684776e+02
7.048000000000001e-12 -4.400037230374313e+02 2.025595820709098e+02
7.056000000000001e-12 -4.399465778686719e+02 1.984538176970142e+02
7.064000000000001e-12 -4.399412148719029e+02 1.924250974861643e+02
7.072000000000001e-12 -4.399358035844156e+02 1.870049196360193e+02
7.080000000000001e-12 -4.399330666333748e+02 1.847569559295673e+02
7.088000000000000e-12 -4.398801285211886e+02 1.870018322497955e+02
7.096000000000000e-12 -4.398851976294204e+02 1.931089935760827e+02
7.104000000000000e-12 -4.398913928890989e+02 2.007533947004762e+02
7.112000000000000e-12 -4.398956723012616e+02 2.070452509502556e+02
7.120000000000000e-12 -4.398963621798616e+02 2.098756416040743e+02
7.128000000000000e-12 -4.398944154662061e+02 2.087555701153401e+02
7.136000000000000e-12 -4.399447462428001e+02 2.046231270799001e+02
7.144000000000000e-12 -4.399407138225987e+02 1.991735546808712e+02
7.152000000000000e-12 -4.399374386669244e+02 1.942932939709145e+02
7.160000000000000e-12 -4.399360440127837e+02 1.915105099548414e+02
7.168000000000000e-12 -4.399371072495547e+02 1.914753792516287e+02
7.176000000000001e-12 -4.399395543343202e+02 1.937615521577869e+02
7.184000000000001e-12 -4.399416249652663e+02 1.973019336124775e+02
7.192000000000001e-12 -4.399427286717398e+02 2.010910307943341e+02
7.200000000000001e-12 -4.399435571293573e+02 2.044800070021388e+02
7.208000000000001e-12 -4.399445541042372e+02 2.069962619952457e+02
7.216000000000001e-12 -4.399450890806634e+02 2.082176404700928e+02
7.224000000000001e-12 -4.399445432490198e+02 2.079890354655236e+02
7.232000000000001e-12 -4.399434580735060e+02 2.066154174792428e+02
7.240000000000001e-12 -4.399430521553759e+02 2.046276042905006e+02
7.248000000000001e-12 -4.399438729407393e+02 2.022957172137846e+02
7.256000000000001e-12 -4.399449645222955e+02 1.994303636354682e+02
7.264000000000001e-12 -4.399446159360739e+02 1.957838307039424e+02
7.272000000000001e-12 -4.399424407575278e+02 1.917010630523662e+02
7.280000000000001e-12 -4.399398067867467e+02 1.882583105238575e+02
7.288000000000000e-12 -4.399379499786733e+02 1.867408525882217e+02
7.296000000000001e-12 -4.399376265179956e+02 1.880497098881139e+02
7.304000000000000e-12 -4.399396524934108e+02 1.922761154968153e+02
7.312000000000001e-12 -4.399436491005195e+02 1.984191425786994e+02
7.320000000000000e-12 -4.399474455826473e+02 2.046393294105303e+02
7.328000000000001e-12 -4.400032913452800e+02 2.092122446717650e+02
7.336000000000000e-12 -4.400027115828253e+02 2.112936732187130e+02
7.344000000000001e-12 -4.400011288428825e+02 2.109960148262892e+02
7.352000000000000e-12 -4.399992707645831e+02 2.090447407865466e+02
7.360000000000001e-12 -4.399975165465638e+02 2.063640094786103e+02
7.368000000000000e-12 -4.399964496287810e+02 2.038166814457345e+02
7.376000000000001e-12 -4.399962115047886e+02 2.019494579575594e+02
7.384000000000000e-12 -4.399962297863258e+02 2.009339152211981e+02
7.392000000000001e-12 -4.399960502877326e+02 2.007750024745199e+02
7.400000000000000e-12 -4.399956058509921e+02 2.015211029686023e+02
7.408000000000001e-12 -4.399951894533082e+02 2.033112063386918e+02
7.416000000000000e-12 -4.399957581918300e+02 2.062141414947870e+02
7.424000000000001e-12 -4.399982391135919e+02 2.098321159385891e+02
7.432000000000000e-12 -4.400020240473939e+02 2.129937102788986e+02
7.440000000000001e-12 -4.400048628935778e+02 2.140716859522276e+02
7.448000000000001e-12 -4.399503545511234e+02 2.119607548359899e+02
7.456000000000001e-12 -4.399466864827222e+02 2.068888787799394e+02
7.464000000000001e-12 -4.399414672696868e+02 2.005324492841939e+02
7.472000000000000e-12 -4.399373275328834e+02 1.952763610738253e+02
7.480000000000001e-12 -4.399358333388810e+02 1.930419131173284e+02
7.488000000000000e-12 -4.398821212740470e+02 1.945699015628350e+02
7.496000000000001e-12 -4.398858103675312e+02 1.991804195669398e+02
7.504000000000000e-12 -4.398908418578062e+02 2.050148141505822e+02
7.512000000000001e-12 -4.398950170070909e+02 2.096590291451394e+02
7.520000000000000e-12 -4.398958874679141e+02 2.111218558907028e+02
7.528000000000001e-12 -4.398928479781635e+02 2.088702341228300e+02
7.536000000000000e-12 -4.398877989662527e+02 2.040855463305435e+02
7.544000000000001e-12 -4.398837039692386e+02 1.988739922801993e+02
7.552000000000000e-12 -4.399371157919970e+02 1.950372816042886e+02
7.560000000000001e-12 -4.399385893422619e+02 1.931586278114856e+02
7.568000000000000e-12 -4.398863028562645e+02 1.926632075994406e+02
7.576000000000001e-12 -4.398326114832457e+02 1.927252125258231e+02
7.584000000000000e-12 -4.398862613877496e+02 1.930518918424669e+02
7.592000000000001e-12 -4.399391185066369e+02 1.940111498005541e+02
7.600000000000000e-12 -4.399392832425356e+02 1.960411041674427e+02
7.608000000000001e-12 -4.399412010094131e+02 1.990285156052694e+02
7.616000000000000e-12 -4.399438893707175e+02 2.021488718693332e+02
7.624000000000001e-12 -4.399456170389541e+02 2.042541644012442e+02
7.632000000000000e-12 -4.399453240154977e+02 2.045887778020985e+02
7.640000000000001e-12 -4.399435708408072e+02 2.032250841041929e+02
7.648000000000001e-12 -4.399417889937952e+02 2.008642868421329e+02
7.656000000000000e-12 -4.399408009142273e+02 1.982812978807970e+02
7.664000000000001e-12 -4.399948300785198e+02 1.959892833860039e+02
7.672000000000000e-12 -4.399942444357294e+02 1.942844299755107e+02
7.680000000000001e-12 -4.399936945605198e+02 1.934489694573011e+02
7.688000000000000e-12 -4.399943117645581e+02 1.936675607751600e+02
7.696000000000001e-12 -4.399965611347690e+02 1.945950555976304e+02
7.704000000000000e-12 -4.399447053603469e+02 1.952769703365230e+02
7.712000000000001e-12 -4.399445776568962e+02 1.948009076930302e+02
7.720000000000000e-12 -4.399421882546181e+02 1.931770023655330e+02
7.728000000000001e-12 -4.398851808754482e+02 1.914014345361451e+02
7.736000000000000e-12 -4.398838899180378e+02 1.906159207309948e+02
7.744000000000001e-12 -4.398839528669778e+02 1.914722417168066e+02
7.752000000000000e-12 -4.398849344649232e+02 1.940362740194179e+02
7.760000000000001e-12 -4.398866499198174e+02 1.979017730900609e+02
7.768000000000000e-12 -4.398349467328832e+02 2.023056781894014e+02
7.776000000000001e-12 -4.398373658019306e+02 2.062073886534952e+02
7.784000000000000e-12 -4.398391611109681e+02 2.084997082475677e+02
7.792000000000001e-12 -4.398392630967114e+02 2.084450314234147e+02
7.800000000000000e-12 -4.398373821696556e+02 2.061403599258273e+02
7.808000000000001e-12 -4.398341631058105e+02 2.025896520451576e+02
7.816000000000000e-12 -4.398313128470752e+02 1.993485869644783e+02
7.824000000000001e-12 -4.398309457401940e+02 1.977166534706769e+02
7.832000000000001e-12 -4.398880580042613e+02 1.978755130138613e+02
7.840000000000001e-12 -4.398917991858291e+02 1.986670345507946e+02
7.848000000000001e-12 -4.398930774419944e+02 1.985266168959223e+02
7.856000000000000e-12 -4.398908323949940e+02 1.969055034731583e+02
7.864000000000001e-12 -4.399418752866340e+02 1.946992051124060e+02
7.872000000000000e-12 -4.399406491614885e+02 1.932465517921548e+02
7.880000000000001e-12 -4.399419990562420e+02 1.930710743964004e+02
7.888000000000000e-12 -4.399436428627739e+02 1.937010058559081e+02
7.896000000000001e-12 -4.399437579811357e+02 1.944725041185004e+02
7.904000000000000e-12 -4.399426595199295e+02 1.952642072773550e+02
7.912000000000001e-12 -4.399415342846396e+02 1.964512156320929e+02
7.920000000000000e-12 -4.399413047698453e+02 1.984331861343315e+02
7.928000000000001e-12 -4.399424690415497e+02 2.012166528153056e+02
7.936000000000000e-12 -4.399445475219679e+02 2.042405025894779e+02
7.944000000000001e-12 -4.399459581907012e+02 2.066300168238668e+02
7.952000000000000e-12 -4.399455485944771e+02 2.078263588441071e+02
7.960000000000001e-12 -4.399441416116171e+02 2.079889486541968e+02
7.968000000000000e-12 -4.399434973959418e+02 2.076539129201215e+02
7.976000000000001e-12 -4.399439358165394e+02 2.070657124978619e+02
7.984000000000000e-12 -4.399443994966059e+02 2.060246431260161e+02
7.992000000000001e-12 -4.399990235703589e+02 2.043153285213459e+02
8.000000000000000e-12 -4.399981371058405e+02 2.020080038298771e+02
8.008000000000001e-12 -4.399427511898188e+02 1.995145695418207e+02
8.016000000000001e-12 -4.399413072679332e+02 1.974736701672083e+02
8.024000000000001e-12 -4.399401175043890e+02 1.965839473993944e+02
8.032000000000001e-12 -4.399399812156520e+02 1.973897810291689e+02
8.040000000000000e-12 -4.399417935551578e+02 1.998762217567349e+02
8.048000000000001e-12 -4.399452878946114e+02 2.031437372925247e+02
8.056000000000000e-12 -4.399483891251223e+02 2.056090601186735e+02
8.064000000000001e-12 -4.398946441739392e+02 2.058795446983207e+02
8.072000000000000e-12 -4.398926747013801e+02 2.036013498086010e+02
8.080000000000001e-12 -4.398893100995988e+02 1.996032342085042e+02
8.088000000000000e-12 -4.398860026067790e+02 1.954018971184428e+02
8.096000000000001e-12 -4.399384106435976e+02 1.925152592598768e+02
8.104000000000000e-12 -4.399925414130207e+02 1.918589464418398e+02
8.112000000000001e-12 -4.399945947818186e+02 1.933574408459396e+02
8.120000000000000e-12 -4.399973726035789e+02 1.960587738482293e+02
8.128000000000001e-12 -4.399997114241815e+02 1.986582370072261e+02
8.136000000000000e-12 -4.400008125264480e+02 2.000378538642485e+02
8.144000000000001e-12 -4.400001783731109e+02 1.996835275299502e+02
8.152000000000000e-12 -4.399978602040121e+02 1.979177396723330e+02
8.160000000000001e-12 -4.399948548854985e+02 1.958326863952554e+02
8.168000000000000e-12 -4.399927032113754e+02 1.948169676197955e+02
8.176000000000001e-12 -4.399924948922492e+02 1.958654444179352e+02
8.184000000000000e-12 -4.399944920369894e+02 1.990620514487271e+02
8.192000000000001e-12 -4.399980626773101e+02 2.034526892347236e+02
8.200000000000001e-12 -4.400014467818492e+02 2.073850265903400e+02
8.208000000000001e-12 -4.400025460609205e+02 2.093227997907640e+02
8.216000000000001e-12 -4.400006341481083e+02 2.087502229999098e+02
8.224000000000001e-12 -4.399971183008362e+02 2.064813278753421e+02
8.232000000000001e-12 -4.399945911655929e+02 2.040563305125537e+02
8.240000000000000e-12 -4.399947964058026e+02 2.026330109638973e+02
8.248000000000001e-12 -4.399426542980383e+02 2.022515332055591e+02
8.256000000000000e-12 -4.399446410746872e+02 2.020494409203639e+02
8.264000000000001e-12 -4.399444843985372e+02 2.012304143965343e+02
8.272000000000000e-12 -4.399422160368312e+02 1.998808934551135e+02
8.280000000000001e-12 -4.399395173714233e+02 1.989807598429693e+02
8.288000000000000e-12 -4.399384153476319e+02 1.997023630518958e+02
8.296000000000001e-12 -4.399398529754413e+02 2.025342040448025e+02
8.304000000000000e-12 -4.398886381445363e+02 2.068491628268841e+02
8.312000000000001e-12 -4.398923334946066e+02 2.111342966037207e+02
8.320000000000000e-12 -4.398952032026696e+02 2.136487078989473e+02
8.328000000000001e-12 -4.398964192632641e+02 2.130434110116948e+02
8.336000000000000e-12 -4.398411941294347e+02 2.088175760262330e+02
8.344000000000001e-12 -4.398379163575746e+02 2.015495052778739e+02
8.352000000000000e-12 -4.397793285465997e+02 1.928619512040458e+02
8.360000000000001e-12 -4.397753720099693e+02 1.848521159631319e+02
8.368000000000000e-12 -4.398266807657137e+02 1.795106226503922e+02
8.376000000000001e-12 -4.398252435881766e+02 1.783603579511359e+02
8.384000000000001e-12 -4.398264442406029e+02 1.820484574308884e+02
8.392000000000001e-12 -4.398311854480344e+02 1.899198259056059e+02
8.400000000000001e-12 -4.398384561679480e+02 1.997132044078093e+02
8.408000000000001e-12 -4.398447927531841e+02 2.081232296213564e+02
8.416000000000001e-12 -4.398464353256635e+02 2.123485090432571e+02
8.424000000000000e-12 -4.398967924239154e+02 2.116881152057415e+02
8.432000000000001e-12 -4.398911389006963e+02 2.077510187663698e+02
8.440000000000000e-12 -4.398325033437558e+02 2.031423303632246e+02
8.448000000000001e-12 -4.398311489733770e+02 1.998709022898570e+02
8.456000000000000e-12 -4.398319685770596e+02 1.987111983256144e+02
8.464000000000001e-12 -4.398347264477619e+02 1.992979163474982e+02
8.472000000000000e-12 -4.398380891701489e+02 2.003527843872692e+02
8.480000000000001e-12 -4.398396504959826e+02 2.003790853582994e+02
8.488000000000000e-12 -4.398931198684489e+02 1.986862536766825e+02
8.496000000000001e-12 -4.398905023816049e+02 1.957381362108068e+02
8.504000000000000e-12 -4.398880417693702e+02 1.926611623485407e+02
8.512000000000001e-12 -4.398320260003065e+02 1.906028986010195e+02
8.520000000000000e-12 -4.398867031927275e+02 1.902641010829645e+02
8.528000000000001e-12 -4.398879145494983e+02 1.916940396013954e+02
8.536000000000000e-12 -4.399452034211685e+02 1.942953039049484e+02
8.544000000000001e-12 -4.399471852019804e+02 1.970613340464765e+02
8.552000000000000e-12 -4.399481729417055e+02 1.990390614208495e+02
8.560000000000001e-12 -4.399481292414733e+02 1.997497739258523e+02
8.568000000000001e-12 -4.399467198862563e+02 1.992682222672912e+02
8.576000000000001e-12 -4.399436458005146e+02 1.983454438889591e+02
8.584000000000001e-12 -4.399402422511900e+02 1.983948810903325e+02
8.592000000000001e-12 -4.399392521279289e+02 2.008398183054013e+02
8.600000000000001e-12 -4.399971207172022e+02 2.059745345330401e+02
8.608000000000000e-12 -4.400036507155517e+02 2.121990172158754e+02
8.616000000000001e-12 -4.399554358865433e+02 2.166059322361000e+02
8.624000000000000e-12 -4.399559365544093e+02 2.167766665790180e+02
8.632000000000001e-12 -4.398962756465040e+02 2.125329101933478e+02
8.640000000000000e-12 -4.398886647772847e+02 2.061880651086904e+02
8.648000000000001e-12 -4.398837788653478e+02 2.010356108399588e+02
8.656000000000000e-12 -4.398842708263071e+02 1.992514925965163e+02
8.664000000000001e-12 -4.398888944248089e+02 2.006819058762016e+02
8.672000000000000e-12 -4.398942612513039e+02 2.033067231913420e+02
8.680000000000001e-12 -4.398972627630866e+02 2.047109454872435e+02
8.688000000000000e-12 -4.398965968243690e+02 2.035040619333389e+02
8.696000000000001e-12 -4.398930523911708e+02 1.999565944470295e+02
8.704000000000000e-12 -4.398889134840732e+02 1.956688913695427e+02
8.712000000000001e-12 -4.398866183794639e+02 1.925475498232811e+02
8.720000000000000e-12 -4.398869619460130e+02 1.917327511658409e+02
8.728000000000001e-12 -4.398888620521087e+02 1.931992473313994e+02
8.736000000000000e-12 -4.399458195745124e+02 1.961489443732496e+02
8.744000000000001e-12 -4.398930448440228e+02 1.995599882830721e+02
8.752000000000001e-12 -4.398943777855044e+02 2.024732446575527e+02
8.760000000000001e-12 -4.398946294764719e+02 2.042399627533157e+02
8.768000000000001e-12 -4.398934181088123e+02 2.047624168621046e+02
8.776000000000001e-12 -4.398915074375693e+02 2.045688029666871e+02
8.784000000000001e-12 -4.399456058057972e+02 2.044589283250660e+02
8.792000000000001e-12 -4.398922007662615e+02 2.047810380824608e+02
8.800000000000001e-12 -4.398943372684992e+02 2.050156522046180e+02
8.808000000000000e-12 -4.398958532305102e+02 2.041886511148715e+02
8.816000000000001e-12 -4.398954398591871e+02 2.016316281660127e+02
8.824000000000000e-12 -4.398384738256498e+02 1.975769599533249e+02
8.832000000000001e-12 -4.397816260979218e+02 1.931575449969252e+02
8.840000000000000e-12 -4.397250024070842e+02 1.897779455862621e+02
8.848000000000001e-12 -4.397791295775144e+02 1.883804540075278e+02
8.856000000000000e-12 -4.397804477364145e+02 1.890933531330324e+02
8.864000000000001e-12 -4.397281964802808e+02 1.913688168719248e+02
8.872000000000000e-12 -4.397303328163568e+02 1.942776987289535e+02
8.880000000000001e-12 -4.396773765795583e+02 1.967698624064952e+02
8.888000000000000e-12 -4.396785017204484e+02 1.978473285564444e+02
8.896000000000001e-12 -4.396777443861185e+02 1.969735266062212e+02
8.904000000000000e-12 -4.397296054162680e+02 1.944666921546989e+02
8.912000000000001e-12 -4.397273287350706e+02 1.912982639941062e+02
8.920000000000000e-12 -4.397255696960859e+02 1.885440733247169e+02
8.928000000000001e-12 -4.398324531245894e+02 1.871622555472726e+02
8.936000000000000e-12 -4.398860566710846e+02 1.879608017191464e+02
8.944000000000001e-12 -4.398324123831496e+02 1.912510662571874e+02
8.952000000000001e-12 -4.398359194878375e+02 1.963624459767852e+02
8.960000000000001e-12 -4.398402077264820e+02 2.016245436186667e+02
8.968000000000001e-12 -4.398970711854284e+02 2.051244910678209e+02
8.976000000000001e-12 -4.398963911325975e+02 2.057660940996553e+02
8.984000000000001e-12 -4.398941011507100e+02 2.037631295441898e+02
8.992000000000000e-12 -4.398921825229397e+02 2.001292607152188e+02
9.000000000000001e-12 -4.399449369224737e+02 1.959173442247890e+02
9.008000000000000e-12 -4.399428639826767e+02 1.920918408811607e+02
9.016000000000001e-12 -4.399415951451213e+02 1.895991066397277e+02
9.024000000000000e-12 -4.398884553302751e+02 1.889802677738316e+02
9.032000000000001e-12 -4.398906651815055e+02 1.899280033978752e+02
9.040000000000000e-12 -4.398921191768824e+02 1.915750188637193e+02
9.048000000000001e-12 -4.398916737700545e+02 1.933245867646095e+02
9.056000000000000e-12 -4.398903409846879e+02 1.953491813423344e+02
9.064000000000001e-12 -4.399443077308593e+02 1.981691446672704e+02
9.072000000000000e-12 -4.399455495641353e+02 2.019099700986336e+02
9.080000000000001e-12 -4.399478680385172e+02 2.059382316392353e+02
9.088000000000000e-12 -4.399497539799913e+02 2.092022751579263e+02
9.096000000000001e-12 -4.399498887085433e+02 2.108864047627044e+02
9.104000000000000e-12 -4.399480945042971e+02 2.109766731593205e+02
9.112000000000001e-12 -4.399456558646718e+02 2.103019269512006e+02
9.120000000000000e-12 -4.399987222583040e+02 2.099798150096130e+02
9.128000000000001e-12 -4.399992490687408e+02 2.106345812152321e+02
9.136000000000001e-12 -4.400013034782492e+02 2.120331245120099e+02
9.144000000000001e-12 -4.400040026557176e+02 2.132512882027998e+02
9.152000000000001e-12 -4.400057180927573e+02 2.131294054983024e+02
9.160000000000001e-12 -4.400048958927093e+02 2.110175147966090e+02
9.168000000000001e-12 -4.400015635106835e+02 2.074073208422377e+02
9.176000000000000e-12 -4.399977758162678e+02 2.038573228438633e+02
9.184000000000001e-12 -4.399960631454286e+02 2.020805129387900e+02
9.192000000000000e-12 -4.399974892488107e+02 2.028334257867171e+02
9.200000000000001e-12 -4.400014986475330e+02 2.053891862958268e+02
9.208000000000000e-12 -4.399520309200764e+02 2.078277498636713e+02
9.216000000000001e-12 -4.399542617270942e+02 2.079432983903667e+02
9.224000000000000e-12 -4.398976609834851e+02 2.046922949554978e+02
9.232000000000001e-12 -4.398913437925363e+02 1.991429724676295e+02
9.240000000000000e-12 -4.398851264236606e+02 1.939756048871719e+02
9.248000000000001e-12 -4.398824551041778e+02 1.918811736879034e+02
9.256000000000000e-12 -4.398290962874780e+02 1.940181318414762e+02
9.264000000000001e-12 -4.398345364921300e+02 1.993566145886111e+02
9.272000000000000e-12 -4.398402204566758e+02 2.052965955770276e+02
9.280000000000001e-12 -4.398431857486985e+02 2.091543554594148e+02
9.288000000000000e-12 -4.398425494932480e+02 2.094443093467788e+02
9.296000000000001e-12 -4.398396219832430e+02 2.063232416049677e+02
9.304000000000000e-12 -4.398364440681645e+02 2.010709676904182e+02
9.312000000000001e-12 -4.398339172921666e+02 1.952287929004910e+02
9.320000000000001e-12 -4.398317963205498e+02 1.901248841600131e+02
9.328000000000001e-12 -4.397757262335037e+02 1.868410522294136e+02
9.336000000000001e-12 -4.397761157177512e+02 1.859824710897723e+02
9.344000000000001e-12 -4.397784420485825e+02 1.873213949695748e+02
9.352000000000001e-12 -4.397816764849891e+02 1.898985394252699e+02
9.360000000000001e-12 -4.397831355038412e+02 1.925262326637856e+02
9.368000000000001e-12 -4.397828120613175e+02 1.945454809322698e+02
9.376000000000000e-12 -4.397811980789872e+02 1.961561224059653e+02
9.384000000000001e-12 -4.398335953177299e+02 1.981430775380062e+02
9.392000000000000e-12 -4.398338091401434e+02 2.012360133353089e+02
9.400000000000001e-12 -4.398371103697679e+02 2.052444383608181e+02
9.408000000000000e-12 -4.397340118466640e+02 2.087482224382998e+02
9.416000000000001e-12 -4.397914144382066e+02 2.097460462720798e+02
9.424000000000000e-12 -4.397362562203364e+02 2.070888608579114e+02
9.432000000000001e-12 -4.397311447881598e+02 2.014732903566148e+02
9.440000000000000e-12 -4.397254836316643e+02 1.951551911089639e+02
9.448000000000001e-12 -4.397222610320661e+02 1.907220408229338e+02
9.456000000000000e-12 -4.397226431113929e+02 1.897215131947476e+02
9.464000000000001e-12 -4.397809360602938e+02 1.920901060197775e+02
9.472000000000000e-12 -4.397309782907357e+02 1.963666454314947e+02
9.480000000000001e-12 -4.397893025489977e+02 2.004144058624284e+02
9.488000000000000e-12 -4.398465224632842e+02 2.023085131895222e+02
9.496000000000001e-12 -4.398458434156025e+02 2.009874819928404e+02
9.504000000000002e-12 -4.398977284531638e+02 1.967750749087316e+02
9.512000000000001e-12 -4.398926176131423e+02 1.913419044349168e+02
9.520000000000001e-12 -4.398881950196971e+02 1.870099931370579e+02
9.528000000000001e-12 -4.398864178888792e+02 1.858033276163106e+02
9.536000000000001e-12 -4.398881770358485e+02 1.884958421322437e+02
9.544000000000001e-12 -4.399475393529731e+02 1.942223652692881e+02
9.552000000000001e-12 -4.399530736592016e+02 2.007598799649337e+02
9.560000000000000e-12 -4.399564114238213e+02 2.055129495934279e+02
9.568000000000001e-12 -4.399554131187755e+02 2.069351072167981e+02
9.576000000000000e-12 -4.399510639298677e+02 2.053860767661601e+02
9.584000000000001e-12 -4.399468781462920e+02 2.026959732127479e+02
9.592000000000000e-12 -4.399455149399456e+02 2.007200666935792e+02
9.600000000000001e-12 -4.399469506775239e+02 2.001714947161339e+02
9.608000000000000e-12 -4.399494089486508e+02 2.005288945855992e+02
9.616000000000001e-12 -4.399505690797822e+02 2.007874666102740e+02
9.624000000000000e-12 -4.399490812660630e+02 2.004613648156562e+02
9.632000000000001e-12 -4.400012648815951e+02 2.001338513593521e+02
9.640000000000000e-12 -4.400005586548820e+02 2.007778995777501e+02
9.648000000000001e-12 -4.399491141547071e+02 2.025211081933957e+02
9.656000000000000e-12 -4.399528631851148e+02 2.042051631806315e+02
9.664000000000001e-12 -4.399546210611077e+02 2.041989147946831e+02
9.672000000000000e-12 -4.399527427895565e+02 2.017667933579739e+02
9.680000000000001e-12 -4.399481222621347e+02 1.977610532331857e+02
9.688000000000002e-12 -4.399436502913913e+02 1.942198069358428e+02
9.696000000000001e-12 -4.399424022008424e+02 1.930984447766225e+02
9.704000000000001e-12 -4.399454323317469e+02 1.949501456204756e+02
9.712000000000001e-12 -4.399507641717838e+02 1.984997831166800e+02
9.720000000000001e-12 -4.399546889759611e+02 2.015072403572317e+02
9.728000000000001e-12 -4.399547919544845e+02 2.023304563265677e+02
9.736000000000001e-12 -4.399525964739108e+02 2.009732058608506e+02
9.744000000000000e-12 -4.399493059075709e+02 1.987455821880219e+02
9.752000000000001e-12 -4.399472866808353e+02 1.972259533692714e+02
9.760000000000000e-12 -4.399469522345825e+02 1.974913481827296e+02
9.768000000000001e-12 -4.399484702591122e+02 1.997729127089329e+02
9.776000000000000e-12 -4.399515163054981e+02 2.033935846693358e+02
9.784000000000001e-12 -4.399008405774279e+02 2.070112986591377e+02
9.792000000000000e-12 -4.399572720340724e+02 2.091915172776631e+02
9.800000000000001e-12 -4.399023209090021e+02 2.090771361830578e+02
9.808000000000000e-12 -4.399005081254421e+02 2.066251313909825e+02
9.816000000000001e-12 -4.398423561809748e+02 2.026906371680942e+02
9.824000000000000e-12 -4.398385919282906e+02 1.988510734673189e+02
9.832000000000001e-12 -4.398366589755141e+02 1.967363496123621e+02
9.840000000000000e-12 -4.398915852137597e+02 1.972083527672652e+02
9.848000000000001e-12 -4.398938060640310e+02 1.999582963193741e+02
9.856000000000000e-12 -4.398960335430071e+02 2.039314222051599e+02
9.864000000000001e-12 -4.398982186319405e+02 2.079332671793462e+02
9.872000000000002e-12 -4.399006309970344e+02 2.107565703025826e+02
9.880000000000001e-12 -4.399024528123958e+02 2.112111269684511e+02
9.888000000000001e-12 -4.399022090919569e+02 2.085157708862878e+02
9.896000000000001e-12 -4.398991331953602e+02 2.029054727894471e+02
9.904000000000001e-12 -4.398397325033036e+02 1.959419882670490e+02
9.912000000000001e-12 -4.398349026769899e+02 1.900294494323876e+02
9.920000000000001e-12 -4.398331840465329e+02 1.873393466023385e+02
9.928000000000001e-12 -4.398356084468823e+02 1.886615257722443e+02
9.936000000000001e-12 -4.397860725229297e+02 1.929445227040819e+02
9.944000000000000e-12 -4.397368275652285e+02 1.979258728893668e+02
9.952000000000001e-12 -4.397395172115409e+02 2.012901699773473e+02
9.960000000000000e-12 -4.397386362798611e+02 2.017626133812303e+02
9.968000000000001e-12 -4.397350399225848e+02 1.996668542509912e+02
9.976000000000000e-12 -4.397313252878163e+02 1.965302134297735e+02
9.984000000000001e-12 -4.397295016899836e+02 1.940025728806003e+02
9.992000000000000e-12 -4.397296248822180e+02 1.929695575230113e+02
